n=1 total=1 kmax=0
row: 1
n=2 total=2 kmax=1
row: 1 1
n=3 total=6 kmax=3
row: 1 2 2 1
n=4 total=23 kmax=6
row: 1 2 5 6 5 3 1
n=5 total=103 kmax=10
row: 1 2 5 10 16 20 20 15 9 4 1
n=6 total=513 kmax=15
row: 1 2 5 10 20 32 51 67 79 80 68 49 29 14 5 1
n=7 total=2762 kmax=21
row: 1 2 5 10 20 36 61 96 148 208 268 321 351 347 308 241 165 98 49 20 6 1
n=8 total=15793 kmax=28
row: 1 2 5 10 20 36 65 106 171 262 397 568 784 1019 1264 1478 1628 1681 1619 1441 1173 866 574 338 174 76 27 7 1
n=9 total=94776 kmax=36
row: 1 2 5 10 20 36 65 110 181 286 443 664 985 1416 1988 2715 3589 4579 5631 6654 7559 8225 8545 8457 7930 7006 5794 4448 3146 2034 1190 622 285 111 35 8 1
n=10 total=591950 kmax=45
row: 1 2 5 10 20 36 65 110 185 296 467 714 1077 1582 2305 3284 4617 6374 8665 11521 15012 19067 23599 28426 33300 37862 41767 44597 46031 45814 43837 40194 35164 29200 22886 16825 11525 7305 4249 2244 1061 440 155 44 9 1
n=11 total=3824112 kmax=55
row: 1 2 5 10 20 36 65 110 185 300 477 738 1127 1682 2477 3584 5134 7240 10100 13915 18976 25563 34017 44640 57739 73421 91706 112369 134995 158843 182924 206000 226726 243633 255287 260495 258437 248816 231917 208703 180729 150024 118859 89438 63590 42483 26505 15335 8157 3945 1709 649 209 54 10 1
n=12 total=25431452 kmax=66
row: 1 2 5 10 20 36 65 110 185 300 481 748 1151 1732 2577 3768 5450 7766 10976 15312 21171 28973 39338 52919 70657 93482 122650 159379 205068 260922 328043 406988 497946 600332 712814 833046 957754 1082618 1202737 1312433 1405748 1476811 1520435 1532418 1510261 1453332 1363362 1244394 1102583 945877 783284 623990 476398 347139 240351 157371 96926 55817 29840 14678 6567 2631 923 274 65 11 1
