n=1 total=1 kmax=0
row: 1
n=2 total=2 kmax=1
row: 1 1
n=3 total=6 kmax=3
row: 1 2 2 1
n=4 total=23 kmax=6
row: 1 2 5 6 5 3 1
n=5 total=103 kmax=10
row: 1 2 5 10 16 20 20 15 9 4 1
n=6 total=513 kmax=15
row: 1 2 5 10 20 32 51 67 79 80 68 49 29 14 5 1
n=7 total=2762 kmax=21
row: 1 2 5 10 20 36 61 96 148 208 268 321 351 347 308 241 165 98 49 20 6 1
n=8 total=15793 kmax=28
row: 1 2 5 10 20 36 65 106 171 262 397 568 784 1019 1264 1478 1628 1681 1619 1441 1173 866 574 338 174 76 27 7 1
n=9 total=94776 kmax=36
row: 1 2 5 10 20 36 65 110 181 286 443 664 985 1416 1988 2715 3589 4579 5631 6654 7559 8225 8545 8457 7930 7006 5794 4448 3146 2034 1190 622 285 111 35 8 1
