n Av1342_1423 Av1342_1432
0 1 1
1 1 1
2 2 2
3 6 6
4 22 22
5 90 90
6 394 394
7 1806 1806
8 8558 8558
9 41586 41586
10 206098 206098
11 1037718 1037718
12 5293446 5293446
13 27297738 27297738
14 142078746 142078746
witA n=8: 8 7 5 4 1 6 3 2
witA n=9: 8 7 3 2 1 4 9 6 5
witA n=10: 10 9 7 6 3 8 5 2 1 4
witA n=11: 11 10 8 7 4 9 6 3 2 1 5
witA n=12: 12 11 9 8 5 10 7 4 3 2 1 6
witA n=13: 13 12 11 8 6 10 9 5 4 3 2 1 7
witA n=14: 14 13 11 9 7 12 10 6 5 4 3 2 1 8
witB n=8: 8 7 5 4 1 6 2 3
witB n=9: 8 7 3 2 1 4 9 5 6
witB n=10: 10 9 7 6 3 8 4 2 1 5
witB n=11: 11 10 8 7 4 9 5 3 2 1 6
witB n=12: 12 11 9 8 5 10 6 4 3 2 1 7
witB n=13: 13 12 11 9 6 10 7 5 4 3 2 1 8
witB n=14: 14 13 11 10 7 12 8 6 5 4 3 2 1 9
