Small direct checks
2 5 0 10 10 True
2 7 1 22 22 True
3 5 0 10 10 True
3 6 1 13 13 True
Fixed-c checks
2 50 2.141420546698 2.277640138935 0.940192662613
2 100 2.207732002610 2.277640138935 0.969306768383
2 200 2.242176726538 2.277640138935 0.984429756136
3 50 7.701180986461 8.620181862008 0.893389618658
3 100 8.058010355528 8.620181862008 0.934784263780
3 200 8.248728001500 8.620181862008 0.956908813938
4 50 28.993338978256 39.214907166768 0.739344832692
4 100 34.704169797769 39.214907166768 0.884973911839
4 200 36.859590351931 39.214907166768 0.939938227960
Diffusive c_T checks
2 100 5 1.505383224902 1.526747842784 0.986006452878
2 200 7 1.528017616739 1.526747842784 1.000831685443
2 400 10 1.521428430484 1.526747842784 0.996515854059
3 100 5 3.984590859223 4.071885590157 0.978561595359
3 200 7 4.047561726502 4.071885590157 0.994026388238
3 400 10 4.050501168038 4.071885590157 0.994748275302
