00000111001111
00001011110011
00010101111001
00011001011110
00011111100100
00101010101110
00101111011000
00110001100111
00110010011011
00111100001101
00111100110010
01001001101101
01001100011011
01010100101110
01010111010010
01011010000111
01011010111000
01100001111010
01100110110100
01101101000110
01110011001100
01111001010001
10000110111010
10001100100111
10010010101101
10011110010001
10100101010011
10100101101100
10101000111001
10101011000101
10110011110000
10110110000110
11000011011001
11000011100110
11001101110000
11001110001100
11010000110011
11010101000101
11100000001111
11101010010010
11110100011000
11111000100100
