-4.5360480582
-4.5177175403
-4.4466670120
-4.3471461744
-4.3184814858
-4.2621248295
-4.2288006820
-4.1962280739
-4.1698860674
-4.1121680378
-4.0950838975
-4.0832034455
-4.0134081702
-3.9882840718
-3.9676602848
-3.9137559104
-3.8855554543
-3.8514374973
-3.7849945539
-3.7023321220
-3.6921910503
-3.6806457560
-3.6606652905
-3.6249862715
-3.6225201344
-3.6049419853
-3.5698830329
-3.5368906291
-3.5266566122
-3.5089979841
-3.4803453807
-3.4610829510
-3.3617914953
-3.3463382861
-3.3065013757
-3.2368818330
-3.1771170566
-3.1440813489
-3.1371645479
-3.0594312647
-3.0258556319
-3.0084078473
-3.0000000000
-3.0000000000
-3.0000000000
-3.0000000000
-2.9435236194
-2.8959157164
-2.8198133823
-2.7632477204
-2.7579501845
-2.7315524641
-2.6552497458
-2.6298918451
-2.5436328789
-2.5402922617
-2.5055381670
-2.4979318224
-2.4450407075
-2.4340153958
-2.4289303681
-2.3907520473
-2.3193116587
-2.2980584548
-2.2482693464
-2.2422612713
-2.2251495789
-2.1953520263
-2.1081480362
-2.0909141999
-2.0671968428
-2.0296515842
-2.0188112307
-1.9610718773
-1.9557830021
-1.9354046073
-1.9339325637
-1.8838153847
-1.7907575916
-1.7474005594
-1.7062331302
-1.6845155707
-1.6424059245
-1.5964357585
-1.5887691713
-1.5614457971
-1.4846280753
-1.4814870957
-1.4647038457
-1.3457241264
-1.3259329707
-1.2882690581
-1.2814312939
-1.2354585597
-1.1687643330
-1.0019503649
-1.0000000000
-1.0000000000
-1.0000000000
-1.0000000000
-1.0000000000
-1.0000000000
-1.0000000000
-1.0000000000
-0.9739753015
-0.9415758303
-0.9258774422
-0.9174838610
-0.9024648800
-0.8869575890
-0.8348696523
-0.8220158555
-0.7769432136
-0.7414817400
-0.7369753095
-0.7337083730
-0.6522180175
-0.6208300724
-0.5910352258
-0.5646785636
-0.5317431698
-0.4633210621
-0.3991424396
-0.3653888558
-0.2474593704
-0.2096097920
-0.1437710045
-0.0825443343
-0.0689102083
-0.0251033666
0.0124481600
0.0742419200
0.0887453535
0.0907429206
0.1384036383
0.1602528861
0.2001171389
0.3158429647
0.3260472278
0.3467535667
0.3731095827
0.3737983208
0.4988085008
0.5570664835
0.5724267552
0.6047049591
0.6546850264
0.6732911281
0.6855413512
0.7706255522
0.7928279914
0.8108219850
0.8630439553
0.9063185420
0.9132288390
0.9252422227
1.0000000000
1.0112989137
1.0747094106
1.0880117922
1.1054994206
1.1853725327
1.2479163413
1.2590749759
1.2651336131
1.3653655280
1.4134513420
1.4215727979
1.4274758218
1.4596265899
1.4660127219
1.5129132852
1.5436557902
1.5774267535
1.6759039159
1.6843685915
1.7710818214
1.7714744525
1.8228164378
1.8567808531
1.8780404383
1.9435640071
1.9659715375
2.0407033257
2.0429296478
2.0864772001
2.1111126209
2.1412677659
2.1721832314
2.2014113076
2.2186810354
2.3210907535
2.3468187423
2.3741844552
2.4772334775
2.5022872427
2.5373665286
2.5486719814
2.5505428528
2.5825445560
2.6521102694
2.7183790607
2.7715252671
2.7822479245
2.8178806566
2.8199975621
2.9143534593
2.9556847007
2.9849631364
3.0000000000
3.0000000000
3.0000000000
3.0000000000
3.0452279096
3.0926551381
3.1339289552
3.1568185478
3.1781078293
3.2425047646
3.2481056939
3.2808106333
3.3170591047
3.3389776042
3.3998859070
3.4370680128
3.4589227780
3.5173211863
3.5547991277
3.5557001843
3.5739067253
3.6042150147
3.6164408847
3.6222166724
3.7486280388
3.8060727602
3.8465465476
3.8482491725
3.8754056132
3.8810597929
3.9199597874
3.9770872463
4.0038897936
4.0201468107
4.1094289405
4.1592260400
4.1628378394
4.2337837855
4.2408662634
4.2437403464
4.2733988409
4.3212551133
4.4543006855
4.4822850147
4.5325028856
4.5355194717
7.0000000000
