-4.1962280739
-4.1698860674
-4.1121680378
-4.0832034455
-4.0134081702
-3.9137559104
-3.8514374973
-3.7849945539
-3.6921910503
-3.6606652905
-3.6225201344
-3.6049419853
-3.5698830329
-3.5368906291
-3.5266566122
-3.4610829510
-3.3617914953
-3.3065013757
-3.1371645479
-3.0594312647
-3.0000000000
-3.0000000000
-3.0000000000
-3.0000000000
-2.8198133823
-2.7632477204
-2.7579501845
-2.6552497458
-2.5436328789
-2.4979318224
-2.4340153958
-2.4289303681
-2.2980584548
-2.2422612713
-2.1953520263
-2.0909141999
-2.0296515842
-1.9557830021
-1.9354046073
-1.7907575916
-1.7062331302
-1.5964357585
-1.5614457971
-1.4846280753
-1.4814870957
-1.3259329707
-1.1687643330
-1.0000000000
-1.0000000000
-1.0000000000
-1.0000000000
-1.0000000000
-1.0000000000
-1.0000000000
-1.0000000000
-0.9258774422
-0.9174838610
-0.9024648800
-0.8220158555
-0.7369753095
-0.7337083730
-0.6208300724
-0.5646785636
-0.4633210621
-0.1437710045
-0.0689102083
-0.0251033666
0.0887453535
0.1384036383
0.3260472278
0.3731095827
0.5570664835
0.6546850264
0.7706255522
0.7928279914
0.8630439553
0.9063185420
0.9252422227
1.0000000000
1.0880117922
1.1054994206
1.2590749759
1.2651336131
1.4215727979
1.4596265899
1.4660127219
1.5774267535
1.7714744525
1.8228164378
1.8780404383
2.0429296478
2.0864772001
2.1412677659
2.1721832314
2.3468187423
2.5022872427
2.5505428528
2.5825445560
2.6521102694
2.7822479245
2.8199975621
2.9143534593
2.9556847007
3.0000000000
3.0000000000
3.0000000000
3.0000000000
3.1339289552
3.1568185478
3.2425047646
3.2481056939
3.3389776042
3.3998859070
3.4589227780
3.5547991277
3.5557001843
3.5739067253
3.6164408847
3.7486280388
3.8482491725
3.8754056132
3.9199597874
3.9770872463
4.0038897936
4.1628378394
4.2337837855
4.2437403464
7.0000000000
