-3.8514374973
-3.6606652905
-3.6225201344
-3.6049419853
-3.5368906291
-3.5266566122
-3.3617914953
-3.1371645479
-3.0000000000
-3.0000000000
-3.0000000000
-3.0000000000
-2.8198133823
-2.7579501845
-2.6552497458
-2.4340153958
-2.2422612713
-2.1953520263
-2.0909141999
-2.0296515842
-1.7907575916
-1.5964357585
-1.4814870957
-1.0000000000
-1.0000000000
-1.0000000000
-1.0000000000
-1.0000000000
-1.0000000000
-1.0000000000
-1.0000000000
-0.9174838610
-0.7369753095
-0.7337083730
-0.1437710045
0.1384036383
0.5570664835
0.9063185420
0.9252422227
1.0000000000
1.1054994206
1.2590749759
1.4660127219
1.8228164378
2.0864772001
2.1412677659
2.5022872427
2.5505428528
2.8199975621
2.9143534593
3.0000000000
3.0000000000
3.0000000000
3.0000000000
3.1568185478
3.2481056939
3.3998859070
3.4589227780
3.5547991277
3.5739067253
3.6164408847
3.8482491725
3.8754056132
7.0000000000
