500004300
500059044
500148496
500159232
500237956
500314188
500327424
500416900
500469168
500506384
500595876
500624172
500685376
500774884
500779200
500864400
500934252
500953924
501043456
501089328
501132996
501222544
501244428
501312100
501399552
501401664
501491236
501554700
501580816
501670404
501709872
501760000
501849604
501865068
501939216
502020288
502028836
502118464
502175532
502208100
502297744
502330800
502387396
502477056
502486092
502566724
502641408
502656400
502746084
502796748
502835776
502925476
502952112
503015184
503104900
503107500
503194624
503262912
503284356
503374096
503418348
503463844
503553600
503573808
503643364
503729292
503733136
503822916
503884800
503912704
504002500
504040332
504092304
504182116
504195888
504271936
504351468
504361764
504451600
504507072
504541444
504631296
504662700
504721156
504811024
504818352
504900900
504974028
504990784
505080676
505129728
505170576
505260484
505285452
505350400
505440324
505441200
505530256
505596972
505620196
505710144
505752768
505800100
505890064
505908588
505980036
506064432
506070016
506160004
506220300
506250000
506340004
506376192
506430016
506520036
506532108
506610064
506688048
506700100
506790144
506844012
506880196
506970256
507000000
507060324
507150400
507156012
507240484
507312048
507330576
507420676
507468108
507510784
507600900
507624192
507691024
507780300
507781156
507871296
507936432
507961444
508051600
508092588
508141764
508231936
508248768
508322116
508404972
508412304
508502500
508561200
508592704
508682916
508717452
508773136
508863364
508873728
508953600
509030028
509043844
509134096
509186352
509224356
509314624
509342700
509404900
509495184
509499072
509585476
509655468
509675776
509766084
509811888
509856400
509946724
509968332
510037056
510124800
510127396
510217744
510281292
510308100
510398464
510437808
510488836
510579216
510594348
510669604
510750912
510760000
510850404
510907500
510940816
511031236
511064112
511121664
511212100
511220748
511302544
511377408
511392996
511483456
511534092
511573924
511664400
511690800
511754884
511845376
511847532
511935876
512004288
512026384
512116900
512161068
512207424
512297956
512317872
512388496
512474700
512479044
512569600
512631552
512660164
512750736
512788428
512841316
512931904
512945328
513022500
513102252
513113104
513203716
513259200
513294336
513384964
513416172
513475600
513566244
513573168
513656896
513730188
513747556
513838224
513887232
513928900
514019584
514044300
514110276
514200976
514201392
514291684
514358508
514382400
514473124
514515648
514563856
514654596
514672812
514745344
514830000
514836100
514926864
514987212
515017636
515108416
515144448
515199204
515290000
515301708
515380804
515458992
515471616
515562436
515616300
515653264
515744100
515773632
515834944
515925796
515930988
516016656
516088368
516107524
516198400
516245772
516289284
516380176
516403200
516471076
516560652
516561984
516652900
516718128
516743824
516834756
516875628
516925696
517016644
517033152
517107600
517190700
517198564
517289536
517348272
517380516
517471504
517505868
517562500
517653504
517663488
517744516
517821132
517835536
517926564
517978800
518017600
518108644
518136492
518199696
518290756
518294208
518381824
518451948
518472900
518563984
518609712
518655076
518746176
518767500
518837284
518925312
518928400
519019524
519083148
519110656
519201796
519241008
519292944
519384100
519398892
519475264
519556800
519566436
519657616
519714732
519748804
519840000
519872688
519931204
