VERIFY_OK
k  b_r               C_unrestricted       C_nonnegative
1  1.333333333333333  0.666666666666667  0.769800358919501
2  1.207106781186547  0.828427124746190  1.000000000000000
3  1.150621839582687  1.204974716661500  1.487225604943648
4  1.118433799202707  1.894940787243307  2.370370370370370
5  1.097609524850019  3.123504795200617  3.942410517684042
6  1.083024917507625  5.313594720487970  6.750000000000002
7  1.072237589342314  9.246411435816242  11.802983850122414
8  1.063933918784384  16.367083208802342  20.971520000000002
W(e^-1)=0.278464542761074
e*W(e^-1)=0.756945106457584
