SEED 100 start N22=0
SEED 100 step 20 total 22 NEW BEST N22=1 A=[[1, 3, 3, 0], [0, 2, 3, 3], [0, 0, 3, 2], [3, 3, 2, 0]] B=[[3, 0, 3, 1], [1, 0, 2, 3], [1, 3, 1, 1], [2, 1, 0, 1]]
SEED 100 step 55 total 57 NEW BEST N22=2 A=[[1, 0, 3, 2], [0, 2, 1, 3], [3, 0, 2, 2], [3, 0, 3, 1]] B=[[2, 1, 3, 1], [2, 2, 2, 3], [3, 0, 1, 1], [2, 1, 0, 1]]
SEED 100 step 67 total 69 NEW BEST N22=3 A=[[1, 0, 3, 2], [0, 3, 0, 3], [0, 3, 0, 2], [3, 0, 0, 1]] B=[[2, 1, 3, 1], [2, 2, 2, 3], [3, 0, 1, 1], [3, 1, 0, 2]]
SEED 100 step 169 total 171 NEW BEST N22=4 A=[[2, 0, 2, 1], [2, 0, 1, 3], [2, 3, 1, 0], [3, 1, 0, 0]] B=[[1, 1, 3, 1], [0, 2, 1, 3], [1, 3, 3, 1], [2, 1, 1, 1]]
SEED 100 step 202 total 204 NEW BEST N22=5 A=[[2, 0, 2, 1], [0, 1, 1, 3], [0, 2, 1, 2], [3, 1, 0, 1]] B=[[1, 0, 2, 1], [0, 2, 1, 3], [1, 3, 3, 1], [3, 1, 0, 1]]
SEED 100 step 209 total 211 NEW BEST N22=6 A=[[2, 0, 2, 1], [2, 1, 1, 3], [0, 2, 1, 2], [3, 1, 0, 0]] B=[[1, 0, 2, 1], [0, 2, 1, 3], [1, 3, 2, 1], [3, 1, 0, 1]]
SEED 100 DONE best=6 total=150459
SEED 101 start N22=0
SEED 101 step 11 total 13 NEW BEST N22=1 A=[[1, 2, 3, 3], [1, 1, 2, 2], [1, 3, 3, 1], [2, 1, 1, 0]] B=[[0, 2, 3, 1], [2, 1, 3, 3], [2, 0, 3, 0], [2, 3, 0, 2]]
SEED 101 step 14 total 16 NEW BEST N22=2 A=[[1, 2, 1, 3], [1, 1, 1, 0], [1, 3, 3, 1], [2, 1, 1, 0]] B=[[0, 2, 3, 1], [2, 1, 3, 3], [2, 0, 3, 0], [2, 3, 0, 2]]
SEED 101 step 68 total 70 NEW BEST N22=3 A=[[1, 0, 2, 0], [0, 0, 1, 3], [1, 3, 0, 0], [2, 1, 1, 0]] B=[[2, 0, 3, 1], [0, 3, 1, 3], [2, 0, 3, 0], [2, 3, 1, 1]]
SEED 101 step 77 total 79 NEW BEST N22=4 A=[[1, 0, 2, 0], [0, 0, 1, 3], [1, 0, 0, 0], [2, 1, 1, 0]] B=[[2, 0, 3, 2], [0, 3, 1, 2], [2, 0, 3, 0], [2, 0, 1, 1]]
SEED 101 step 559 total 564 NEW BEST N22=5 A=[[2, 1, 0, 3], [3, 0, 0, 0], [2, 0, 3, 2], [1, 3, 2, 0]] B=[[1, 1, 2, 3], [3, 2, 0, 0], [2, 1, 3, 0], [0, 2, 0, 2]]
SEED 101 step 593 total 598 NEW BEST N22=6 A=[[2, 1, 2, 3], [3, 0, 2, 2], [1, 0, 3, 2], [1, 3, 2, 2]] B=[[2, 2, 2, 3], [3, 2, 2, 0], [2, 1, 3, 0], [0, 2, 0, 1]]
SEED 101 DONE best=6 total=150550
SEED 102 start N22=0
SEED 102 step 102 total 104 NEW BEST N22=1 A=[[3, 0, 3, 1], [1, 2, 0, 2], [2, 1, 3, 3], [2, 1, 1, 1]] B=[[3, 3, 1, 0], [2, 1, 0, 2], [1, 3, 0, 2], [1, 3, 3, 2]]
SEED 102 step 121 total 123 NEW BEST N22=2 A=[[3, 0, 3, 1], [1, 2, 0, 2], [2, 0, 3, 3], [3, 1, 1, 0]] B=[[3, 0, 1, 2], [3, 1, 1, 0], [0, 3, 1, 2], [1, 3, 1, 2]]
SEED 102 step 327 total 332 NEW BEST N22=3 A=[[3, 3, 2, 1], [0, 3, 0, 1], [1, 3, 1, 3], [0, 1, 3, 0]] B=[[3, 2, 0, 2], [2, 2, 3, 0], [2, 1, 2, 3], [2, 2, 3, 0]]
SEED 102 step 422 total 427 NEW BEST N22=4 A=[[3, 0, 2, 2], [2, 3, 2, 2], [2, 3, 0, 3], [0, 0, 3, 2]] B=[[3, 0, 2, 2], [0, 2, 1, 1], [2, 0, 2, 3], [2, 2, 3, 2]]
SEED 102 step 440 total 445 NEW BEST N22=5 A=[[3, 2, 2, 2], [2, 3, 2, 2], [0, 3, 0, 3], [0, 0, 3, 2]] B=[[3, 1, 2, 2], [0, 3, 1, 1], [2, 2, 2, 3], [0, 2, 3, 1]]
SEED 102 step 587 total 592 NEW BEST N22=6 A=[[2, 1, 0, 2], [1, 3, 1, 2], [0, 0, 0, 3], [1, 2, 3, 2]] B=[[2, 0, 1, 1], [1, 3, 1, 0], [2, 2, 1, 3], [1, 2, 3, 2]]
SEED 102 step 48906 total 49053 NEW BEST N22=7 A=[[0, 0, 2, 3], [2, 3, 0, 0], [2, 2, 1, 2], [3, 1, 1, 1]] B=[[1, 1, 2, 0], [1, 2, 3, 0], [1, 2, 0, 3], [3, 2, 0, 2]]
SEED 102 DONE best=7 total=150539
SEED 201 start N22=0
SEED 201 step 35 total 37 NEW BEST N22=1 A=[[3, 1, 0, 0], [2, 0, 2, 2], [3, 0, 2, 3], [0, 1, 1, 1]] B=[[3, 0, 1, 0], [2, 2, 1, 1], [3, 3, 0, 0], [0, 1, 2, 3]]
SEED 201 step 91 total 93 NEW BEST N22=2 A=[[3, 0, 1, 1], [1, 0, 0, 3], [0, 1, 2, 3], [1, 3, 1, 3]] B=[[3, 2, 1, 0], [0, 1, 1, 0], [1, 0, 2, 1], [0, 3, 3, 0]]
SEED 201 step 92 total 94 NEW BEST N22=3 A=[[3, 0, 1, 1], [1, 0, 0, 3], [0, 1, 2, 3], [1, 3, 1, 3]] B=[[3, 2, 1, 0], [0, 1, 1, 0], [1, 0, 2, 1], [0, 3, 1, 0]]
SEED 201 step 243 total 245 NEW BEST N22=4 A=[[3, 0, 0, 0], [1, 2, 3, 0], [2, 0, 2, 1], [0, 1, 0, 2]] B=[[3, 2, 1, 1], [2, 2, 0, 0], [1, 0, 3, 2], [1, 2, 2, 3]]
SEED 201 step 1341 total 1343 NEW BEST N22=6 A=[[3, 1, 1, 0], [0, 3, 0, 1], [2, 1, 2, 0], [1, 0, 0, 3]] B=[[3, 1, 1, 2], [0, 3, 1, 1], [2, 0, 3, 1], [1, 2, 2, 3]]
SEED 201 step 12182 total 12225 NEW BEST N22=8 A=[[3, 3, 0, 0], [1, 2, 2, 2], [2, 0, 2, 2], [1, 0, 3, 3]] B=[[2, 2, 1, 3], [0, 2, 3, 0], [2, 0, 3, 0], [1, 1, 0, 2]]
SEED 201 DONE best=8 total=12225
SEED 205 start N22=0
SEED 205 step 13 total 15 NEW BEST N22=1 A=[[0, 3, 0, 0], [0, 2, 1, 0], [1, 1, 1, 0], [3, 0, 2, 2]] B=[[2, 0, 0, 0], [0, 2, 2, 2], [1, 3, 1, 2], [0, 3, 2, 2]]
SEED 205 step 97 total 99 NEW BEST N22=2 A=[[0, 3, 0, 2], [1, 1, 2, 3], [3, 1, 1, 0], [3, 0, 2, 0]] B=[[1, 0, 0, 1], [0, 2, 1, 1], [2, 3, 1, 1], [1, 1, 0, 0]]
SEED 205 step 744 total 748 NEW BEST N22=3 A=[[2, 1, 0, 3], [2, 2, 1, 1], [3, 2, 0, 0], [3, 0, 2, 0]] B=[[0, 1, 1, 2], [0, 3, 1, 0], [0, 2, 3, 2], [0, 0, 3, 2]]
SEED 205 step 828 total 832 NEW BEST N22=4 A=[[2, 1, 0, 3], [0, 2, 1, 1], [3, 3, 0, 0], [2, 0, 2, 2]] B=[[1, 1, 0, 2], [2, 3, 2, 0], [2, 0, 3, 0], [1, 1, 3, 0]]
SEED 205 step 830 total 834 NEW BEST N22=5 A=[[2, 1, 0, 3], [0, 2, 1, 2], [3, 3, 0, 0], [2, 0, 2, 2]] B=[[1, 1, 0, 2], [2, 3, 2, 0], [2, 0, 3, 0], [1, 1, 3, 0]]
SEED 205 step 851 total 855 NEW BEST N22=6 A=[[2, 1, 0, 3], [0, 2, 1, 2], [3, 3, 0, 0], [0, 0, 2, 2]] B=[[1, 1, 0, 2], [0, 3, 2, 0], [2, 0, 1, 0], [0, 1, 3, 2]]
SEED 205 step 52233 total 52445 NEW BEST N22=8 A=[[0, 0, 3, 3], [0, 2, 2, 2], [2, 1, 2, 2], [3, 3, 1, 1]] B=[[1, 1, 0, 2], [0, 2, 3, 0], [2, 0, 3, 0], [1, 1, 0, 2]]
SEED 205 DONE best=8 total=52445
ALL_SEEDS total_games=516218 global_best_N22=8
GLOBAL_CHAMPION A=[[3, 3, 0, 0], [1, 2, 2, 2], [2, 0, 2, 2], [1, 0, 3, 3]] B=[[2, 2, 1, 3], [0, 2, 3, 0], [2, 0, 3, 0], [1, 1, 0, 2]]
