FINAL_SEARCH seed=777 N_RANDOM=100000
random trial 0 new best N22=1 A=[[1, 3, 3, 2], [2, 2, 0, 3], [3, 2, 0, 0], [0, 2, 0, 0]] B=[[2, 2, 2, 0], [1, 2, 1, 3], [0, 2, 1, 0], [2, 3, 0, 3]]
random trial 155 new best N22=2 A=[[3, 0, 2, 1], [1, 2, 3, 2], [2, 2, 1, 1], [0, 1, 3, 3]] B=[[2, 1, 0, 0], [1, 0, 3, 0], [0, 2, 1, 2], [0, 2, 1, 3]]
random trial 5326 new best N22=3 A=[[2, 0, 1, 3], [2, 0, 3, 2], [2, 2, 1, 1], [3, 0, 0, 1]] B=[[1, 1, 2, 3], [0, 1, 3, 0], [0, 3, 0, 0], [2, 0, 2, 3]]
random trial 53218 new best N22=4 A=[[2, 3, 2, 2], [1, 3, 1, 3], [0, 2, 3, 0], [3, 3, 1, 2]] B=[[1, 0, 2, 1], [1, 1, 1, 3], [0, 3, 0, 2], [2, 1, 1, 1]]
random phase done in 1.8s hist={1: 12135, 0: 87185, 2: 630, 3: 48, 4: 2} best=4
collected 50 candidates with N22>=3 for hill climbing
hill 0 from trial 71491 c0=4 -> c=4 steps=0 evals=96 A=[[3, 1, 3, 0], [3, 1, 2, 2], [0, 3, 2, 0], [2, 2, 1, 3]] B=[[1, 0, 3, 1], [0, 1, 0, 2], [1, 3, 0, 1], [1, 0, 0, 0]]
hill 1 from trial 53218 c0=4 -> c=4 steps=0 evals=96 A=[[2, 3, 2, 2], [1, 3, 1, 3], [0, 2, 3, 0], [3, 3, 1, 2]] B=[[1, 0, 2, 1], [1, 1, 1, 3], [0, 3, 0, 2], [2, 1, 1, 1]]
hill 2 from trial 97805 c0=3 -> c=3 steps=0 evals=96 A=[[1, 3, 2, 0], [2, 1, 3, 0], [1, 0, 1, 0], [0, 2, 3, 1]] B=[[2, 3, 0, 1], [3, 0, 0, 0], [2, 2, 1, 3], [1, 1, 0, 2]]
hill 3 from trial 86709 c0=3 -> c=3 steps=0 evals=96 A=[[3, 3, 2, 0], [2, 1, 0, 3], [1, 3, 0, 2], [1, 0, 3, 2]] B=[[3, 1, 2, 1], [1, 0, 1, 2], [1, 1, 1, 3], [0, 2, 3, 2]]
hill 4 from trial 81454 c0=3 -> c=3 steps=0 evals=96 A=[[1, 2, 2, 0], [3, 3, 1, 0], [2, 0, 0, 3], [0, 2, 3, 1]] B=[[3, 1, 2, 0], [3, 3, 2, 0], [2, 1, 2, 3], [2, 0, 3, 0]]
hill 5 from trial 81002 c0=3 -> c=4 steps=1 evals=192 A=[[1, 1, 3, 0], [3, 0, 1, 1], [1, 2, 1, 3], [0, 1, 2, 3]] B=[[0, 1, 2, 3], [2, 1, 0, 3], [2, 3, 2, 0], [1, 2, 2, 1]]
hill 6 from trial 79003 c0=3 -> c=3 steps=0 evals=96 A=[[0, 0, 0, 0], [3, 1, 1, 3], [1, 2, 0, 2], [0, 1, 3, 0]] B=[[2, 2, 0, 0], [2, 0, 0, 3], [0, 3, 1, 0], [0, 0, 3, 2]]
hill 7 from trial 78437 c0=3 -> c=3 steps=0 evals=96 A=[[1, 1, 3, 3], [3, 1, 2, 1], [3, 0, 3, 0], [0, 3, 3, 1]] B=[[1, 1, 0, 2], [2, 1, 1, 1], [3, 0, 2, 1], [1, 2, 0, 1]]
hill 8 from trial 74918 c0=3 -> c=3 steps=0 evals=96 A=[[3, 2, 1, 1], [1, 0, 0, 0], [0, 2, 3, 0], [0, 3, 2, 3]] B=[[2, 1, 1, 1], [3, 0, 0, 0], [1, 0, 2, 1], [1, 2, 1, 3]]
hill 9 from trial 74402 c0=3 -> c=3 steps=0 evals=96 A=[[1, 0, 3, 2], [1, 1, 0, 1], [3, 1, 2, 2], [0, 1, 2, 3]] B=[[1, 2, 3, 1], [3, 1, 0, 2], [3, 0, 0, 2], [2, 2, 2, 3]]
TOTAL games evaluated: 101056 (>=1e5: True)
BEST N22 found in this log: 4
BEST matrices: A=[[2, 3, 2, 2], [1, 3, 1, 3], [0, 2, 3, 0], [3, 3, 1, 2]] B=[[1, 0, 2, 1], [1, 1, 1, 3], [0, 3, 0, 2], [2, 1, 1, 1]]
exact census of log-best: total=7 dist={1: 2, 2: 4, 3: 1} N22=4
global champion fast N22=8 (independently found, see census_champion.json)
