maximum checks
2 1 1
2 2 3
2 3 5
2 4 8
2 5 12
2 6 16
2 7 21
2 8 27
3 1 1
3 2 3
3 3 6
3 4 9
3 5 13
3 6 18
overlapping collision checks
2 1 1 2 4
2 2 1 2 8
2 2 2 4 16
2 3 1 2 16
2 3 2 4 32
2 3 3 8 64
2 4 1 2 32
2 4 2 4 64
2 4 3 8 128
2 4 4 16 256
2 5 1 2 64
2 5 2 4 128
2 5 3 8 256
2 5 4 16 512
2 5 5 32 1024
3 1 1 3 9
3 2 1 3 27
3 2 2 9 81
3 3 1 3 81
3 3 2 9 243
3 3 3 27 729
3 4 1 3 243
3 4 2 9 729
3 4 3 27 2187
3 4 4 81 6561
3 5 1 3 729
3 5 2 9 2187
3 5 3 27 6561
3 5 4 81 19683
3 5 5 243 59049
good-set Lipschitz checks
(7, 2, 3) (42, 1, 3)
(8, 2, 4) (170, 3, 6)
(6, 3, 3) (612, 3, 3)
