class 0 (6 blocks):
  [1, 2, 9]
  [4, 8, 14]
  [3, 7, 13]
  [10, 11, 18]
  [0, 6, 15]
  [5, 16, 17]
class 1 (6 blocks):
  [5, 6, 13]
  [0, 11, 12]
  [4, 15, 16]
  [3, 9, 18]
  [1, 10, 14]
  [2, 8, 17]
class 2 (6 blocks):
  [0, 1, 8]
  [5, 14, 18]
  [7, 9, 12]
  [4, 13, 17]
  [6, 10, 16]
  [2, 11, 15]
class 3 (6 blocks):
  [7, 8, 15]
  [2, 13, 14]
  [3, 12, 16]
  [6, 17, 18]
  [0, 4, 10]
  [1, 5, 11]
class 4 (5 blocks):
  [0, 7, 18]
  [4, 6, 9]
  [10, 12, 15]
  [3, 5, 8]
  [11, 13, 16]
class 5 (5 blocks):
  [5, 9, 15]
  [8, 12, 18]
  [2, 4, 7]
  [0, 14, 16]
  [1, 3, 6]
class 6 (5 blocks):
  [0, 9, 13]
  [4, 5, 12]
  [7, 11, 17]
  [3, 14, 15]
  [2, 16, 18]
class 7 (5 blocks):
  [1, 7, 16]
  [2, 3, 10]
  [6, 8, 11]
  [13, 15, 18]
  [12, 14, 17]
class 8 (5 blocks):
  [0, 2, 5]
  [3, 4, 11]
  [6, 7, 14]
  [9, 10, 17]
  [1, 12, 13]
class 9 (4 blocks):
  [8, 9, 16]
  [5, 7, 10]
  [2, 6, 12]
  [1, 15, 17]
class 10 (4 blocks):
  [8, 10, 13]
  [0, 3, 17]
  [1, 4, 18]
  [9, 11, 14]
