class 0 (6 blocks):
  [1, 6, 12]
  [2, 7, 13]
  [4, 5, 8]
  [10, 11, 14]
  [0, 15, 16]
  [3, 9, 17]
class 1 (6 blocks):
  [3, 5, 12]
  [2, 8, 16]
  [0, 1, 4]
  [13, 14, 17]
  [6, 7, 10]
  [9, 11, 18]
class 2 (6 blocks):
  [12, 13, 16]
  [1, 3, 10]
  [2, 4, 11]
  [5, 6, 9]
  [0, 7, 17]
  [14, 15, 18]
class 3 (6 blocks):
  [6, 8, 15]
  [0, 5, 11]
  [3, 4, 7]
  [9, 10, 13]
  [2, 12, 14]
  [1, 16, 17]
class 4 (5 blocks):
  [6, 11, 17]
  [3, 13, 15]
  [5, 7, 14]
  [1, 8, 18]
  [0, 10, 12]
class 5 (5 blocks):
  [4, 12, 17]
  [3, 8, 14]
  [2, 10, 15]
  [1, 11, 13]
  [6, 16, 18]
class 6 (5 blocks):
  [5, 13, 18]
  [4, 14, 16]
  [8, 10, 17]
  [1, 7, 15]
  [0, 2, 9]
class 7 (5 blocks):
  [4, 10, 18]
  [0, 6, 14]
  [1, 2, 5]
  [8, 9, 12]
  [3, 11, 16]
class 8 (4 blocks):
  [4, 6, 13]
  [2, 17, 18]
  [7, 9, 16]
  [11, 12, 15]
class 9 (4 blocks):
  [4, 9, 15]
  [7, 8, 11]
  [5, 10, 16]
  [0, 3, 18]
class 10 (5 blocks):
  [7, 12, 18]
  [0, 8, 13]
  [2, 3, 6]
  [5, 15, 17]
  [1, 9, 14]
