0 0
1 1
2 1
3 2
4 2
5 3
6 0
7 4
8 1
9 1
10 2
11 5
12 3
13 2
14 4
15 1
16 1
17 5
18 5
19 6
20 0
21 3
22 1
23 2
24 5
25 1
26 4
27 8
28 1
29 4
30 2
31 1
32 9
33 6
34 7
35 4
36 2
37 2
38 1
39 6
40 8
41 7
42 9
43 2
44 1
45 3
46 2
47 8
48 7
49 2
50 8
51 5
52 4
53 10
54 3
55 4
56 0
57 8
58 9
59 6
60 5
61 1
62 4
63 10
64 13
65 9
66 6
67 1
68 11
69 2
70 0
71 3
72 6
73 8
74 5
75 9
76 4
77 3
78 3
79 4
80 10
81 5
82 2
83 8
84 7
85 4
86 4
87 5
88 1
89 2
90 8
91 9
92 4
93 3
94 5
95 11
96 10
97 10
98 11
99 4
100 7
101 9
102 2
103 8
104 13
105 4
106 0
107 3
108 9
109 8
110 5
111 13
112 4
113 7
114 0
115 11
116 8
117 13
118 9
119 4
120 7
121 11
122 4
123 5
124 13
125 6
126 10
127 9
128 4
129 12
130 7
131 11
132 6
133 10
134 9
135 4
136 8
137 11
138 4
139 10
140 7
141 9
142 12
143 7
144 11
145 6
146 10
147 5
148 6
149 8
150 5
151 11
152 4
153 5
154 13
155 4
156 16
157 7
158 11
159 10
160 5
161 17
162 4
163 7
164 11
165 4
166 16
167 15
168 6
169 14
170 7
171 17
172 8
173 7
174 11
175 4
176 1
177 11
178 3
179 3
180 5
181 6
182 12
183 16
184 11
185 4
186 7
187 9
188 4
189 14
190 5
191 17
192 10
193 7
194 17
195 8
196 16
197 2
198 6
199 16
200 11
201 12
202 10
203 9
204 13
205 8
206 16
207 15
208 0
209 16
210 13
211 17
212 8
213 9
214 17
215 4
216 16
217 19
218 6
219 16
220 2
221 8
222 12
223 7
224 17
225 1
226 5
227 19
228 10
229 15
230 15
231 8
232 18
233 13
234 17
235 18
236 11
237 19
238 6
239 5
240 9
241 12
242 16
243 9
244 12
245 18
246 11
247 17
248 8
249 9
250 17
251 12
252 16
253 5
254 25
255 6
256 9
257 17
258 12
259 9
260 17
261 6
262 16
263 15
264 10
265 16
266 2
267 17
268 6
269 13
270 17
271 8
272 9
273 19
274 8
275 18
276 5
277 17
278 4
279 7
280 19
281 10
282 9
283 5
284 12
285 18
286 23
287 10
288 18
289 9
290 19
291 6
292 13
293 17
294 2
295 4
296 9
297 8
298 18
299 9
300 8
301 4
302 9
303 17
304 10
305 16
306 21
307 8
308 4
309 7
310 19
311 16
312 9
313 5
314 10
315 11
316 19
317 2
318 6
319 1
320 10
321 16
322 3
323 17
324 0
325 9
326 5
327 6
328 18
329 17
330 8
331 16
332 15
333 10
334 2
335 9
336 17
337 8
338 9
339 5
340 10
341 6
342 11
343 8
344 4
345 9
346 21
347 2
348 9
349 21
350 0
351 16
352 3
353 8
354 2
355 9
356 17
357 14
358 11
359 17
360 10
361 18
362 3
363 8
364 16
365 3
366 7
367 4
368 1
369 19
370 2
371 6
372 3
373 8
374 4
375 11
376 25
377 10
378 24
379 21
380 2
381 24
382 3
383 22
384 18
385 11
386 23
387 4
388 1
389 25
390 10
391 24
392 17
393 10
394 16
395 3
396 25
397 2
398 9
399 17
400 2
401 24
402 3
403 8
404 24
405 9
406 8
407 20
408 7
409 8
410 20
411 24
412 21
413 10
414 22
415 19
416 25
417 16
418 11
419 25
420 18
421 24
422 19
423 8
424 24
425 23
426 25
427 20
428 9
429 4
430 4
431 5
432 27
433 22
434 24
435 17
436 4
437 28
438 7
439 25
440 2
441 9
442 1
443 6
444 7
445 3
446 4
447 20
448 11
449 6
450 20
451 21
452 23
453 20
454 7
455 27
456 18
457 22
458 19
459 8
460 8
461 32
462 25
463 6
464 13
465 17
466 4
467 7
468 5
469 6
470 22
471 5
472 25
473 4
474 24
475 25
476 4
477 9
478 21
479 4
480 24
481 7
482 25
483 22
484 5
485 21
486 20
487 24
488 23
489 6
490 24
491 5
492 6
493 20
494 7
495 23
496 8
497 26
498 25
499 4
500 22
501 23
502 31
503 8
504 7
505 25
506 10
507 24
508 19
509 32
510 20
511 23
512 6
513 20
514 5
515 27
516 24
517 7
518 21
519 4
520 7
521 21
522 34
523 26
524 23
525 25
526 22
527 32
528 21
529 24
530 7
531 25
532 6
533 8
534 34
535 6
536 22
537 7
538 4
539 26
540 7
541 9
542 6
543 20
544 21
545 6
546 26
547 13
548 25
549 33
550 24
551 21
552 10
553 20
554 11
555 6
556 5
557 36
558 27
559 20
560 7
561 23
562 12
563 24
564 5
565 6
566 24
567 7
568 25
569 14
570 13
571 9
572 4
573 34
574 25
575 12
576 24
577 5
578 32
579 10
580 13
581 27
582 4
583 36
584 21
585 10
586 24
587 32
588 12
589 20
590 32
591 34
592 10
593 7
594 21
595 6
596 20
597 11
598 6
599 28
600 13
601 29
602 10
603 7
604 25
605 14
606 40
607 17
608 14
609 28
610 15
611 32
612 12
613 15
614 21
615 12
616 36
617 29
618 12
619 20
620 5
621 21
622 22
623 13
624 23
625 4
626 35
627 17
628 14
629 24
630 13
631 12
632 18
633 15
634 32
635 14
636 34
637 17
638 14
639 16
640 11
641 14
642 24
643 13
644 40
645 20
646 13
647 19
648 26
649 13
650 17
651 14
652 16
653 15
654 12
655 18
656 36
657 17
658 14
659 35
660 21
661 14
662 16
663 13
664 40
665 22
666 25
667 8
668 12
669 20
670 8
671 14
672 37
673 13
674 12
675 12
676 15
677 35
678 24
679 13
680 17
681 14
682 32
683 15
684 40
685 18
686 27
687 37
688 20
689 27
690 17
691 12
692 32
693 19
694 39
695 6
696 15
697 33
698 16
699 3
700 19
701 26
702 40
703 17
704 35
705 32
706 17
707 35
708 6
709 19
710 19
711 20
712 32
713 5
714 12
715 32
716 17
717 12
718 11
719 1
720 40
721 20
722 44
723 10
724 0
725 32
726 27
727 35
728 18
729 1
730 33
731 6
732 46
733 19
734 16
735 38
736 17
737 14
738 6
739 3
740 19
741 16
742 48
743 19
744 26
745 43
746 19
747 47
748 22
749 3
750 35
751 22
752 3
753 19
754 6
755 32
756 19
757 39
758 34
759 17
760 35
761 4
762 3
763 35
764 16
765 38
766 17
767 2
768 32
769 7
770 39
771 18
772 17
773 33
774 16
775 50
776 19
777 2
778 45
779 19
780 47
781 26
782 19
783 35
784 16
785 3
786 33
787 2
788 32
789 17
790 49
791 24
792 3
793 33
794 6
795 3
796 52
797 16
798 49
799 19
800 2
801 34
802 17
803 46
804 16
805 23
806 33
807 18
808 52
809 21
810 2
811 34
812 17
813 22
814 16
815 21
816 35
817 20
818 34
819 17
820 16
821 42
822 21
823 36
824 34
825 3
826 36
827 4
828 21
829 35
830 2
831 50
832 23
833 43
834 51
835 21
836 49
837 18
838 23
839 25
840 22
841 52
842 27
843 41
844 24
845 3
846 41
847 16
848 17
849 27
850 10
851 32
852 29
853 20
854 34
855 11
856 45
857 22
858 17
859 39
860 2
861 21
862 25
863 16
864 24
865 17
866 45
867 24
868 19
869 33
870 16
871 19
872 52
873 16
874 34
875 23
876 20
877 24
878 21
879 49
880 22
881 21
882 25
883 18
884 40
885 27
886 20
887 24
888 9
889 41
890 24
891 21
892 35
893 24
894 40
895 9
896 20
897 36
898 11
899 45
900 24
901 27
902 49
903 8
904 52
905 25
906 18
907 24
908 9
909 18
910 10
911 11
912 37
913 8
914 40
915 25
916 18
917 42
918 23
919 20
920 8
921 7
922 41
923 24
924 25
925 41
926 8
927 40
928 11
929 35
930 26
931 9
932 47
933 8
934 19
935 45
936 8
937 38
938 9
939 28
940 48
941 11
942 35
943 8
944 21
945 39
946 8
947 34
948 11
949 24
950 38
951 9
952 64
953 26
954 27
955 47
956 8
957 42
958 56
959 20
960 30
961 21
962 28
963 8
964 11
965 43
966 8
967 21
968 37
969 4
970 63
971 9
972 4
973 48
974 9
975 37
976 8
977 25
978 49
979 10
980 40
981 27
982 8
983 40
984 11
985 43
986 28
987 21
988 47
989 8
990 40
991 11
992 20
993 48
994 13
995 55
996 28
997 15
998 45
999 12
1000 46
1001 29
1002 20
1003 52
1004 21
1005 28
1006 44
1007 11
1008 43
1009 22
1010 32
1011 37
1012 20
1013 42
1014 25
1015 26
1016 38
1017 21
1018 37
1019 59
1020 21
1021 51
1022 16
1023 31
1024 27
1025 6
1026 62
1027 23
1028 55
1029 20
1030 25
1031 53
1032 10
1033 42
1034 41
1035 14
1036 46
1037 17
1038 24
1039 32
1040 17
1041 47
1042 8
1043 38
1044 47
1045 28
1046 44
1047 9
1048 24
1049 48
1050 5
1051 41
1052 14
1053 25
1054 53
1055 20
1056 40
1057 31
1058 4
1059 52
1060 7
1061 47
1062 28
1063 25
1064 63
1065 14
1066 44
1067 51
1068 26
1069 32
1070 15
1071 39
1072 22
1073 25
1074 41
1075 16
1076 62
1077 51
1078 14
1079 46
1080 13
1081 37
1082 22
1083 5
1084 39
1085 20
1086 31
1087 51
1088 6
1089 62
1090 21
1091 22
1092 60
1093 15
1094 41
1095 2
1096 27
1097 45
1098 4
1099 46
1100 7
1101 26
1102 32
1103 5
1104 45
1105 14
1106 5
1107 41
1108 4
1109 44
1110 21
1111 18
1112 34
1113 7
1114 35
1115 42
1116 5
1117 37
1118 2
1119 38
1120 15
1121 16
1122 32
1123 13
1124 18
1125 14
1126 5
1127 35
1128 6
1129 23
1130 7
1131 6
1132 58
1133 5
1134 35
1135 64
1136 23
1137 65
1138 6
1139 34
1140 5
1141 4
1142 32
1143 15
1144 20
1145 34
1146 7
1147 35
1148 64
1149 17
1150 45
1151 4
1152 34
1153 13
1154 6
1155 62
1156 21
1157 35
1158 12
1159 19
1160 33
1161 16
1162 19
1163 64
1164 16
1165 34
1166 3
1167 18
1168 4
1169 7
1170 15
1171 8
1172 19
1173 13
1174 16
1175 44
1176 5
1177 37
1178 12
1179 3
1180 35
1181 16
1182 21
1183 5
1184 2
1185 34
1186 15
1187 33
1188 14
1189 1
1190 37
1191 4
1192 19
1193 15
1194 4
1195 3
1196 13
1197 18
1198 58
1199 1
1200 57
1201 12
1202 19
1203 15
1204 2
1205 34
1206 13
1207 16
1208 34
1209 1
1210 43
1211 14
1212 7
1213 49
1214 4
1215 19
1216 13
1217 2
1218 56
1219 1
1220 16
1221 12
1222 3
1223 37
1224 32
1225 19
1226 53
1227 6
1228 23
1229 15
1230 28
1231 32
1232 1
1233 2
1234 12
1235 19
1236 33
1237 6
1238 36
1239 33
1240 18
1241 50
1242 25
1243 22
1244 32
1245 17
1246 33
1247 2
1248 19
1249 15
1250 16
1251 52
1252 15
1253 2
1254 65
1255 17
1256 59
1257 14
1258 17
1259 53
1260 18
1261 65
1262 21
1263 16
1264 62
1265 9
1266 63
1267 18
1268 21
1269 13
1270 8
1271 32
1272 7
1273 16
1274 36
1275 17
1276 41
1277 14
1278 21
1279 59
1280 14
1281 21
1282 13
1283 28
1284 50
1285 9
1286 64
1287 34
1288 17
1289 47
1290 10
1291 32
1292 9
1293 26
1294 48
1295 9
1296 39
1297 36
1298 17
1299 55
1300 10
1301 19
1302 43
1303 10
1304 42
1305 9
1306 26
1307 34
1308 21
1309 33
1310 10
1311 27
1312 61
1313 12
1314 54
1315 9
1316 24
1317 8
1318 3
1319 35
1320 8
1321 27
1322 59
1323 10
1324 56
1325 9
1326 28
1327 8
1328 9
1329 41
1330 8
1331 17
1332 59
1333 8
1334 42
1335 25
1336 22
1337 44
1338 13
1339 41
1340 42
1341 11
1342 41
1343 12
1344 25
1345 37
1346 10
1347 54
1348 13
1349 26
1350 46
1351 13
1352 61
1353 28
1354 60
1355 39
1356 8
1357 42
1358 9
1359 26
1360 46
1361 9
1362 43
1363 8
1364 11
1365 45
1366 10
1367 42
1368 3
1369 26
1370 36
1371 9
1372 47
1373 36
1374 23
1375 33
1376 10
1377 25
1378 11
1379 10
1380 34
1381 3
1382 26
1383 40
1384 13
1385 45
1386 8
1387 27
1388 11
1389 10
1390 34
1391 11
1392 26
1393 54
1394 23
1395 43
1396 42
1397 25
1398 11
1399 2
1400 38
1401 64
1402 14
1403 38
1404 11
1405 26
1406 10
1407 11
1408 53
1409 64
1410 27
1411 1
1412 24
1413 36
1414 15
1415 24
1416 64
1417 11
1418 45
1419 26
1420 25
1421 1
1422 22
1423 27
1424 27
1425 24
1426 0
1427 13
1428 45
1429 8
1430 52
1431 39
1432 10
1433 40
1434 7
1435 6
1436 2
1437 13
1438 39
1439 32
1440 25
1441 1
1442 8
1443 60
1444 1
1445 8
1446 4
1447 13
1448 26
1449 36
1450 25
1451 1
1452 20
1453 27
1454 3
1455 10
1456 36
1457 23
1458 26
1459 36
1460 7
1461 45
1462 42
1463 50
1464 5
1465 24
1466 38
1467 64
1468 55
1469 36
1470 17
1471 37
1472 2
1473 27
1474 45
1475 22
1476 36
1477 1
1478 49
1479 38
1480 13
1481 47
1482 16
1483 48
1484 41
1485 20
1486 50
1487 1
1488 51
1489 38
1490 17
1491 63
1492 44
1493 19
1494 35
1495 4
1496 60
1497 35
1498 64
1499 44
1500 67
1501 64
1502 36
1503 21
1504 47
1505 4
1506 42
1507 23
1508 16
1509 36
1510 67
1511 64
1512 36
1513 21
1514 39
1515 10
1516 50
1517 33
1518 4
1519 36
1520 7
1521 20
1522 6
1523 7
1524 51
1525 22
1526 60
1527 33
1528 53
1529 44
1530 35
1531 20
1532 34
1533 21
1534 63
1535 32
1536 19
1537 64
1538 18
1539 69
1540 5
1541 14
1542 38
1543 23
1544 37
1545 36
1546 21
1547 47
1548 4
1549 54
1550 33
1551 64
1552 60
1553 21
1554 18
1555 32
1556 27
1557 35
1558 16
1559 36
1560 33
1561 22
1562 50
1563 37
1564 47
1565 34
1566 5
1567 49
1568 32
1569 17
1570 35
1571 6
1572 67
1573 7
1574 6
1575 42
1576 65
1577 49
1578 38
1579 5
1580 53
1581 24
1582 56
1583 35
1584 66
1585 54
1586 7
1587 64
1588 34
1589 5
1590 66
1591 69
1592 50
1593 33
1594 12
1595 34
1596 5
1597 4
1598 42
1599 15
1600 49
1601 6
1602 7
1603 68
1604 6
1605 60
1606 43
1607 57
1608 34
1609 77
1610 57
1611 32
1612 58
1613 53
1614 0
1615 54
1616 37
1617 6
1618 40
1619 25
1620 0
1621 12
1622 58
1623 41
1624 24
1625 44
1626 5
1627 6
1628 42
1629 75
1630 68
1631 12
1632 31
1633 43
1634 4
1635 58
1636 41
1637 30
1638 56
1639 5
1640 6
1641 40
1642 65
1643 57
1644 67
1645 5
1646 53
1647 59
1648 58
1649 7
1650 4
1651 40
1652 25
1653 53
1654 65
1655 3
1656 45
1657 26
1658 50
1659 43
1660 57
1661 34
1662 66
1663 55
1664 8
1665 1
1666 15
1667 24
1668 40
1669 31
1670 14
1671 12
1672 29
1673 55
1674 12
1675 31
1676 57
1677 65
1678 65
1679 9
1680 12
1681 52
1682 1
1683 41
1684 40
1685 17
1686 63
1687 78
1688 3
1689 43
1690 28
1691 40
1692 25
1693 57
1694 10
1695 3
1696 51
1697 42
1698 48
1699 43
1700 0
1701 40
1702 66
1703 10
1704 56
1705 25
1706 63
1707 24
1708 9
1709 59
1710 65
1711 58
1712 31
1713 2
1714 50
1715 29
1716 49
1717 36
1718 25
1719 41
1720 65
1721 50
1722 35
1723 2
1724 32
1725 29
1726 10
1727 14
1728 1
1729 55
1730 40
1731 13
1732 39
1733 24
1734 73
1735 43
1736 65
1737 32
1738 27
1739 41
1740 67
1741 25
1742 33
1743 28
1744 50
1745 41
1746 65
1747 62
1748 27
1749 61
1750 40
1751 25
1752 33
1753 26
1754 48
1755 39
1756 59
1757 52
1758 64
1759 53
1760 67
1761 25
1762 41
1763 65
1764 11
1765 66
1766 49
1767 46
1768 31
1769 55
1770 32
1771 66
1772 41
1773 26
1774 68
1775 39
1776 55
1777 52
1778 66
1779 8
1780 54
1781 23
1782 49
1783 65
1784 29
1785 41
1786 78
1787 50
1788 37
1789 59
1790 46
1791 64
1792 10
1793 8
1794 11
1795 43
1796 2
1797 50
1798 72
1799 59
1800 54
1801 64
1802 53
1803 20
1804 66
1805 41
1806 65
1807 11
1808 69
1809 26
1810 50
1811 72
1812 61
1813 65
1814 54
1815 53
1816 22
1817 50
1818 55
1819 65
1820 62
1821 64
1822 57
1823 73
1824 76
1825 49
1826 8
1827 11
1828 47
1829 80
1830 50
1831 66
1832 63
1833 38
1834 81
1835 51
1836 22
1837 70
1838 39
1839 71
1840 13
1841 23
1842 57
1843 54
1844 64
1845 74
1846 32
1847 81
1848 53
1849 22
1850 15
1851 33
1852 80
1853 48
1854 64
1855 61
1856 60
1857 81
1858 35
1859 79
1860 9
1861 37
1862 79
1863 36
1864 23
1865 61
1866 34
1867 21
1868 49
1869 67
1870 52
1871 37
1872 20
1873 54
1874 64
1875 8
1876 32
1877 76
1878 49
1879 65
1880 52
1881 37
1882 77
1883 38
1884 76
1885 55
1886 54
1887 23
1888 2
1889 22
1890 64
1891 39
1892 75
1893 50
1894 37
1895 79
1896 38
1897 21
1898 6
1899 34
1900 21
1901 57
1902 69
1903 5
1904 37
1905 79
1906 60
1907 23
1908 57
1909 38
1910 67
1911 63
1912 71
1913 60
1914 39
1915 18
1916 38
1917 70
1918 12
1919 36
1920 76
1921 61
1922 82
1923 58
1924 37
1925 73
1926 52
1927 39
1928 16
1929 46
1930 70
1931 57
1932 22
1933 78
1934 39
1935 73
1936 76
1937 37
1938 73
1939 87
1940 74
1941 2
1942 46
1943 58
1944 37
1945 69
1946 52
1947 41
1948 18
1949 48
1950 70
1951 4
1952 40
1953 64
1954 49
1955 67
1956 48
1957 70
1958 77
1959 5
1960 21
1961 53
1962 60
1963 74
1964 49
1965 79
1966 54
1967 37
1968 71
1969 3
1970 64
1971 77
1972 36
1973 72
1974 49
1975 71
1976 56
1977 4
1978 75
1979 58
1980 27
1981 77
1982 48
1983 74
1984 47
1985 26
1986 74
1987 77
1988 69
1989 13
1990 49
1991 73
1992 56
1993 70
1994 12
1995 36
1996 74
1997 55
1998 71
1999 17
2000 82
2001 69
2002 50
2003 31
2004 8
2005 56
2006 29
2007 8
2008 24
2009 54
2010 37
2011 71
2012 87
2013 27
2014 59
2015 32
2016 64
2017 61
2018 67
2019 13
2020 61
2021 71
2022 7
2023 53
2024 73
2025 56
2026 64
2027 59
2028 36
2029 81
2030 49
2031 69
2032 50
2033 70
2034 75
2035 60
2036 68
2037 53
2038 26
2039 74
2040 43
2041 67
2042 17
2043 51
2044 65
2045 50
2046 70
2047 30
2048 48
2049 76
2050 45
2051 69
2052 70
2053 43
2054 87
2055 13
2056 89
2057 65
2058 42
2059 17
2060 59
2061 26
2062 64
2063 43
2064 65
2065 56
2066 70
2067 49
2068 58
2069 64
2070 49
2071 30
2072 72
2073 41
2074 18
2075 50
2076 31
2077 65
2078 40
2079 29
2080 82
2081 30
2082 50
2083 8
2084 26
2085 48
2086 43
2087 30
2088 40
2089 68
2090 80
2091 26
2092 64
2093 2
2094 56
2095 64
2096 57
2097 65
2098 40
2099 59
2100 59
2101 40
2102 70
2103 10
2104 28
2105 64
2106 41
2107 75
2108 60
2109 29
2110 65
2111 38
2112 89
2113 43
2114 30
2115 64
2116 41
2117 83
2118 42
2119 35
2120 80
2121 40
2122 53
2123 88
2124 16
2125 74
2126 43
2127 83
2128 5
2129 43
2130 65
2131 48
2132 70
2133 67
2134 52
2135 91
2136 51
2137 71
2138 66
2139 41
2140 73
2141 56
2142 74
2143 30
2144 87
2145 82
2146 43
2147 46
2148 48
2149 45
2150 98
2151 27
2152 78
2153 65
2154 34
2155 76
2156 43
2157 30
2158 64
2159 41
2160 54
2161 74
2162 63
2163 88
2164 66
2165 66
2166 53
2167 60
2168 89
2169 12
2170 62
2171 64
2172 19
2173 69
2174 32
2175 72
2176 49
2177 16
2178 68
2179 55
2180 75
2181 1
2182 19
2183 73
2184 32
2185 61
2186 69
2187 32
2188 74
2189 8
2190 16
2191 68
2192 33
2193 73
2194 27
2195 76
2196 69
2197 18
2198 83
2199 55
2200 22
2201 27
2202 17
2203 54
2204 50
2205 49
2206 65
2207 32
2208 76
2209 28
2210 16
2211 86
2212 61
2213 73
2214 68
2215 53
2216 97
2217 16
2218 55
2219 30
2220 36
2221 98
2222 35
2223 60
2224 74
2225 49
2226 69
2227 70
2228 53
2229 18
2230 36
2231 74
2232 22
2233 85
2234 74
2235 49
2236 75
2237 32
2238 53
2239 65
2240 44
2241 64
2242 51
2243 48
2244 72
2245 19
2246 75
2247 54
2248 51
2249 35
2250 40
2251 53
2252 8
2253 48
2254 74
2255 28
2256 87
2257 91
2258 84
2259 97
2260 31
2261 27
2262 33
2263 16
2264 76
2265 30
2266 16
2267 29
2268 17
2269 73
2270 58
2271 49
2272 75
2273 40
2274 86
2275 33
2276 48
2277 74
2278 55
2279 73
2280 34
2281 49
2282 77
2283 54
2284 53
2285 80
2286 48
2287 76
2288 94
2289 85
2290 31
2291 51
2292 61
2293 36
2294 100
2295 35
2296 20
2297 72
2298 45
2299 48
2300 66
2301 37
2302 75
2303 46
2304 49
2305 88
2306 38
2307 72
2308 39
2309 48
2310 78
2311 37
2312 77
2313 46
2314 74
2315 43
2316 38
2317 76
2318 33
2319 52
2320 105
2321 37
2322 48
2323 60
2324 61
2325 77
2326 36
2327 74
2328 77
2329 48
2330 72
2331 39
2332 96
2333 36
2334 39
2335 73
2336 38
2337 94
2338 20
2339 48
2340 74
2341 37
2342 96
2343 97
2344 80
2345 77
2346 89
2347 51
2348 73
2349 62
2350 76
2351 37
2352 54
2353 72
2354 39
2355 77
2356 40
2357 63
2358 79
2359 40
2360 90
2361 20
2362 50
2363 46
2364 41
2365 52
2366 38
2367 63
2368 69
2369 5
2370 99
2371 16
2372 62
2373 76
2374 33
2375 79
2376 19
2377 61
2378 77
2379 5
2380 94
2381 77
2382 38
2383 103
2384 33
2385 56
2386 17
2387 57
2388 75
2389 60
2390 51
2391 65
2392 60
2393 99
2394 18
2395 83
2396 76
2397 37
2398 98
2399 19
2400 84
2401 96
2402 36
2403 99
2404 41
2405 60
2406 97
2407 39
2408 96
2409 32
2410 59
2411 65
2412 44
2413 92
2414 45
2415 56
2416 76
2417 39
2418 56
2419 40
2420 41
2421 65
2422 19
2423 53
2424 102
2425 10
2426 97
2427 35
2428 67
2429 38
2430 41
2431 100
2432 19
2433 59
2434 45
2435 42
2436 70
2437 35
2438 71
2439 109
2440 33
2441 96
2442 54
2443 59
2444 104
2445 44
2446 66
2447 16
2448 56
2449 74
2450 33
2451 67
2452 19
2453 37
2454 87
2455 19
2456 57
2457 45
2458 36
2459 107
2460 35
2461 67
2462 44
2463 53
2464 108
2465 17
2466 63
2467 45
2468 46
2469 66
2470 39
2471 83
2472 44
2473 43
2474 67
2475 36
2476 57
2477 81
2478 36
2479 80
2480 39
2481 83
2482 42
2483 33
2484 85
2485 46
2486 57
2487 37
2488 36
2489 70
2490 33
2491 56
2492 64
2493 39
2494 71
2495 42
2496 53
2497 65
2498 19
2499 80
2500 43
2501 54
2502 97
2503 16
2504 81
2505 29
2506 37
2507 71
2508 32
2509 57
2510 43
2511 38
2512 107
2513 41
2514 56
2515 42
2516 55
2517 83
2518 34
2519 53
2520 59
2521 32
2522 64
2523 35
2524 87
2525 112
2526 33
2527 65
2528 40
2529 80
2530 39
2531 38
2532 80
2533 28
2534 103
2535 36
2536 33
2537 87
2538 64
2539 33
2540 98
2541 32
2542 90
2543 41
2544 62
2545 105
2546 37
2547 83
2548 95
2549 59
2550 85
2551 46
2552 80
2553 37
2554 34
2555 86
2556 41
2557 60
2558 68
2559 47
2560 81
2561 25
2562 82
2563 30
2564 34
2565 97
2566 35
2567 60
2568 111
2569 37
2570 96
2571 29
2572 94
2573 67
2574 32
2575 103
2576 24
2577 60
2578 101
2579 33
2580 81
2581 64
2582 113
2583 95
2584 34
2585 82
2586 53
2587 52
2588 72
2589 28
2590 85
2591 38
2592 33
2593 96
2594 32
2595 92
2596 104
2597 34
2598 82
2599 33
2600 58
2601 103
2602 35
2603 75
2604 25
2605 63
2606 104
2607 38
2608 82
2609 28
2610 52
2611 80
2612 28
2613 79
2614 34
2615 55
2616 96
2617 36
2618 103
2619 53
2620 89
2621 90
2622 26
2623 75
2624 36
2625 33
2626 67
2627 29
2628 82
2629 41
2630 52
2631 105
2632 30
2633 89
2634 46
2635 53
2636 81
2637 32
2638 80
2639 41
2640 36
2641 103
2642 28
2643 102
2644 46
2645 5
2646 89
2647 32
2648 78
2649 108
2650 31
2651 97
2652 41
2653 81
2654 99
2655 28
2656 93
2657 42
2658 90
2659 43
2660 34
2661 97
2662 28
2663 44
2664 42
2665 33
2666 75
2667 32
2668 88
2669 112
2670 40
2671 92
2672 33
2673 56
2674 88
2675 28
2676 89
2677 42
2678 35
2679 89
2680 40
2681 80
2682 43
2683 32
2684 74
2685 39
2686 89
2687 99
2688 39
2689 102
2690 32
2691 74
2692 33
2693 42
2694 84
2695 35
2696 95
2697 107
2698 35
2699 95
2700 42
2701 90
2702 104
2703 32
2704 86
2705 39
2706 42
2707 74
2708 41
2709 75
2710 32
2711 41
2712 89
2713 31
2714 88
2715 33
2716 2
2717 88
2718 28
2719 85
2720 42
2721 33
2722 93
2723 21
2724 80
2725 110
2726 32
2727 92
2728 33
2729 91
2730 103
2731 45
2732 89
2733 32
2734 39
2735 43
2736 40
2737 94
2738 37
2739 83
2740 97
2741 33
2742 83
2743 111
2744 45
2745 100
2746 32
2747 80
2748 43
2749 46
2750 97
2751 16
2752 95
2753 101
2754 39
2755 77
2756 17
2757 74
2758 116
2759 44
2760 92
2761 16
2762 87
2763 40
2764 39
2765 93
2766 19
2767 80
2768 41
2769 8
2770 78
2771 16
2772 104
2773 42
2774 39
2775 95
2776 21
2777 80
2778 102
2779 38
2780 92
2781 39
2782 85
2783 99
2784 9
2785 81
2786 19
2787 86
2788 91
2789 34
2790 105
2791 39
2792 40
2793 80
2794 37
2795 71
2796 38
2797 51
2798 83
2799 44
2800 84
2801 33
2802 40
2803 113
2804 18
2805 69
2806 101
2807 33
2808 96
2809 38
2810 70
2811 47
2812 32
2813 101
2814 37
2815 93
2816 101
2817 18
2818 83
2819 32
2820 80
2821 65
2822 34
2823 92
2824 28
2825 71
2826 92
2827 37
2828 69
2829 40
2830 47
2831 100
2832 17
2833 99
2834 39
2835 38
2836 97
2837 9
2838 95
2839 36
2840 35
2841 87
2842 32
2843 82
2844 37
2845 38
2846 66
2847 35
2848 87
2849 23
2850 39
2851 95
2852 10
2853 68
2854 71
2855 36
2856 82
2857 16
2858 69
2859 113
2860 18
2861 81
2862 56
2863 80
2864 102
2865 42
2866 82
2867 39
2868 42
2869 84
2870 33
2871 69
2872 46
2873 41
2874 85
2875 40
2876 68
2877 45
2878 40
2879 66
2880 35
2881 85
2882 46
2883 47
2884 83
2885 31
2886 82
2887 45
2888 40
2889 80
2890 33
2891 85
2892 103
2893 43
2894 81
2895 31
2896 68
2897 4
2898 8
2899 70
2900 37
2901 40
2902 103
2903 37
2904 85
2905 32
2906 37
2907 81
2908 25
2909 86
2910 33
2911 46
2912 99
2913 35
2914 85
2915 40
2916 33
2917 81
2918 23
2919 80
2920 35
2921 44
2922 68
2923 24
2924 81
2925 42
2926 39
2927 98
2928 36
2929 78
2930 33
2931 10
2932 80
2933 35
2934 67
2935 48
2936 39
2937 81
2938 31
2939 33
2940 98
2941 36
2942 86
2943 26
2944 77
2945 70
2946 39
2947 81
2948 38
2949 76
2950 81
2951 36
2952 88
2953 37
2954 36
2955 88
2956 35
2957 89
2958 38
2959 39
2960 81
2961 38
2962 80
2963 47
2964 77
2965 78
2966 7
2967 71
2968 54
2969 41
2970 100
2971 27
2972 90
2973 47
2974 32
2975 80
2976 39
2977 79
2978 54
2979 33
2980 104
2981 27
2982 33
2983 108
2984 32
2985 101
2986 37
2987 36
2988 82
2989 28
2990 91
2991 38
2992 33
2993 55
2994 31
2995 99
2996 41
2997 36
2998 82
2999 33
3000 77
3001 48
3002 33
3003 93
3004 11
3005 68
3006 43
3007 32
3008 82
3009 30
3010 91
3011 54
3012 41
3013 93
3014 38
3015 78
3016 53
3017 32
3018 80
3019 28
3020 83
3021 94
3022 30
3023 77
3024 38
3025 117
3026 53
3027 34
3028 78
3029 49
3030 89
3031 101
3032 30
3033 83
3034 11
3035 43
3036 89
3037 29
3038 66
3039 51
3040 36
3041 92
3042 30
3043 93
3044 58
3045 35
3046 91
3047 29
3048 88
3049 49
3050 32
3051 78
3052 43
3053 29
3054 54
3055 33
3056 95
3057 34
3058 72
3059 59
3060 34
3061 94
3062 30
3063 34
3064 60
3065 28
3066 77
3067 46
3068 37
3069 93
3070 31
3071 72
3072 39
3073 32
3074 78
3075 33
3076 65
3077 48
3078 33
3079 61
3080 40
3081 92
3082 43
3083 79
3084 90
3085 12
3086 27
3087 44
3088 39
3089 79
3090 44
3091 72
3092 41
3093 52
3094 78
3095 49
3096 98
3097 48
3098 37
3099 77
3100 44
3101 74
3102 49
3103 34
3104 99
3105 43
3106 34
3107 54
3108 35
3109 87
3110 32
3111 88
3112 96
3113 32
3114 78
3115 43
3116 40
3117 78
3118 39
3119 79
3120 52
3121 35
3122 31
3123 19
3124 78
3125 53
3126 34
3127 60
3128 41
3129 85
3130 42
3131 35
3132 81
3133 34
3134 103
3135 47
3136 9
3137 72
3138 35
3139 42
3140 54
3141 33
3142 73
3143 40
3144 64
3145 55
3146 36
3147 84
3148 33
3149 34
3150 54
3151 35
3152 85
3153 32
3154 37
3155 61
3156 34
3157 64
3158 43
3159 85
3160 62
3161 41
3162 77
3163 40
3164 45
3165 63
3166 32
3167 82
3168 41
3169 34
3170 84
3171 33
3172 69
3173 58
3174 35
3175 61
3176 40
3177 84
3178 55
3179 32
3180 60
3181 41
3182 85
3183 52
3184 22
3185 81
3186 44
3187 47
3188 55
3189 34
3190 74
3191 2
3192 71
3193 56
3194 18
3195 75
3196 34
3197 45
3198 108
3199 8
3200 68
3201 39
3202 44
3203 58
3204 16
3205 75
3206 34
3207 43
3208 81
3209 14
3210 70
3211 53
3212 44
3213 97
3214 35
3215 87
3216 50
3217 41
3218 96
3219 38
3220 47
3221 53
3222 40
3223 66
3224 49
3225 69
3226 52
3227 41
3228 63
3229 34
3230 47
3231 57
3232 40
3233 99
3234 33
3235 19
3236 50
3237 35
3238 71
3239 32
3240 47
3241 53
3242 32
3243 22
3244 49
3245 46
3246 54
3247 16
3248 69
3249 48
3250 47
3251 57
3252 17
3253 66
3254 49
3255 40
3256 62
3257 33
3258 73
3259 52
3260 37
3261 53
3262 19
3263 41
3264 59
3265 46
3266 70
3267 35
3268 46
3269 48
3270 41
3271 65
3272 38
3273 41
3274 35
3275 7
3276 68
3277 33
3278 46
3279 56
3280 37
3281 71
3282 48
3283 41
3284 17
3285 34
3286 70
3287 39
3288 23
3289 54
3290 39
3291 120
3292 34
3293 41
3294 55
3295 32
3296 18
3297 49
3298 38
3299 84
3300 37
3301 71
3302 48
3303 37
3304 61
3305 34
3306 70
3307 51
3308 7
3309 80
3310 35
3311 40
3312 20
3313 39
3314 67
3315 36
3316 70
3317 49
3318 36
3319 64
3320 49
3321 79
3322 48
3323 35
3324 104
3325 36
3326 70
3327 61
3328 34
3329 66
3330 33
3331 83
3332 54
3333 24
3334 71
3335 38
3336 74
3337 67
3338 32
3339 66
3340 49
3341 34
3342 70
3343 39
3344 67
3345 36
3346 68
3347 59
3348 32
3349 64
3350 49
3351 36
3352 70
3353 37
3354 65
3355 38
3356 37
3357 65
3358 36
3359 82
3360 49
3361 36
3362 68
3363 37
3364 128
3365 48
3366 33
3367 65
3368 52
3369 78
3370 23
3371 29
3372 64
3373 39
3374 9
3375 48
3376 35
3377 69
3378 48
3379 82
3380 49
3381 36
3382 64
3383 37
3384 91
3385 48
3386 10
3387 91
3388 52
3389 90
3390 51
3391 36
3392 94
3393 37
3394 34
3395 80
3396 39
3397 75
3398 48
3399 41
3400 75
3401 34
3402 72
3403 39
3404 48
3405 80
3406 33
3407 21
3408 52
3409 8
3410 75
3411 48
3412 113
3413 49
3414 7
3415 78
3416 51
3417 29
3418 56
3419 8
3420 69
3421 50
3422 26
3423 49
3424 15
3425 66
3426 39
3427 9
3428 52
3429 39
3430 83
3431 48
3432 63
3433 55
3434 40
3435 72
3436 51
3437 11
3438 76
3439 39
3440 65
3441 50
3442 49
3443 77
3444 32
3445 68
3446 53
3447 32
3448 68
3449 41
3450 73
3451 48
3452 39
3453 65
3454 36
3455 94
3456 49
3457 48
3458 68
3459 51
3460 87
3461 50
3462 43
3463 77
3464 48
3465 90
3466 65
3467 36
3468 66
3469 55
3470 111
3471 76
3472 35
3473 27
3474 52
3475 63
3476 69
3477 34
3478 74
3479 55
3480 38
3481 66
3482 33
3483 118
3484 52
3485 10
3486 71
3487 42
3488 30
3489 49
3490 42
3491 76
3492 49
3493 79
3494 54
3495 33
3496 65
3497 40
3498 30
3499 63
3500 9
3501 74
3502 49
3503 124
3504 54
3505 41
3506 65
3507 54
3508 128
3509 77
3510 3
3511 66
3512 51
3513 129
3514 58
3515 41
3516 67
3517 50
3518 86
3519 77
3520 32
3521 99
3522 57
3523 52
3524 56
3525 41
3526 77
3527 54
3528 43
3529 69
3530 40
3531 66
3532 51
3533 34
3534 64
3535 41
3536 77
3537 54
3538 39
3539 71
3540 40
3541 80
3542 63
3543 40
3544 70
3545 47
3546 85
3547 72
3548 18
3549 79
3550 42
3551 128
3552 75
3553 42
3554 103
3555 33
3556 42
3557 58
3558 4
3559 75
3560 48
3561 63
3562 67
3563 46
3564 74
3565 49
3566 40
3567 74
3568 49
3569 25
3570 56
3571 22
3572 79
3573 40
3574 18
3575 43
3576 21
3577 66
3578 41
3579 17
3580 52
3581 35
3582 69
3583 40
3584 78
3585 55
3586 50
3587 78
3588 53
3589 67
3590 56
3591 43
3592 71
3593 48
3594 57
3595 91
3596 40
3597 70
3598 49
3599 50
3600 68
3601 41
3602 67
3603 48
3604 84
3605 65
3606 46
3607 117
3608 63
3609 54
3610 70
3611 43
3612 83
3613 52
3614 16
3615 69
3616 42
3617 24
3618 55
3619 38
3620 64
3621 41
3622 87
3623 62
3624 6
3625 71
3626 42
3627 20
3628 63
3629 48
3630 68
3631 49
3632 87
3633 68
3634 43
3635 69
3636 52
3637 128
3638 79
3639 34
3640 66
3641 53
3642 56
3643 64
3644 47
3645 67
3646 52
3647 57
3648 65
3649 32
3650 16
3651 126
3652 54
3653 16
3654 35
3655 114
3656 125
3657 51
3658 17
3659 46
3660 76
3661 59
3662 48
3663 64
3664 49
3665 75
3666 99
3667 57
3668 65
3669 36
3670 121
3671 49
3672 52
3673 82
3674 49
3675 128
3676 64
3677 43
3678 65
3679 50
3680 61
3681 69
3682 42
3683 72
3684 55
3685 23
3686 80
3687 43
3688 65
3689 62
3690 49
3691 65
3692 52
3693 92
3694 55
3695 17
3696 72
3697 39
3698 81
3699 58
3700 14
3701 65
3702 44
3703 80
3704 49
3705 48
3706 66
3707 37
3708 73
3709 70
3710 45
3711 73
3712 34
3713 128
3714 67
3715 13
3716 72
3717 35
3718 130
3719 22
3720 33
3721 73
3722 56
3723 63
3724 73
3725 13
3726 22
3727 59
3728 62
3729 74
3730 51
3731 5
3732 50
3733 49
3734 65
3735 44
3736 78
3737 37
3738 48
3739 66
3740 33
3741 79
3742 52
3743 55
3744 23
3745 9
3746 82
3747 77
3748 15
3749 78
3750 35
3751 81
3752 66
3753 12
3754 29
3755 34
3756 130
3757 67
3758 44
3759 64
3760 33
3761 128
3762 115
3763 39
3764 75
3765 34
3766 51
3767 71
3768 9
3769 74
3770 35
3771 50
3772 70
3773 33
3774 75
3775 48
3776 53
3777 65
3778 9
3779 66
3780 57
3781 27
3782 68
3783 35
3784 79
3785 48
3786 37
3787 69
3788 34
3789 94
3790 73
3791 38
3792 78
3793 35
3794 89
3795 82
3796 12
3797 67
3798 32
3799 76
3800 65
3801 34
3802 76
3803 39
3804 27
3805 64
3806 14
3807 77
3808 36
3809 90
3810 73
3811 32
3812 74
3813 112
3814 19
3815 64
3816 33
3817 67
3818 48
3819 51
3820 73
3821 34
3822 26
3823 45
3824 25
3825 78
3826 39
3827 29
3828 74
3829 35
3830 29
3831 36
3832 88
3833 77
3834 48
3835 28
3836 39
3837 54
3838 78
3839 53
3840 67
3841 36
3842 128
3843 112
3844 38
3845 8
3846 37
3847 52
3848 68
3849 35
3850 75
3851 42
3852 55
3853 29
3854 32
3855 92
3856 39
3857 54
3858 84
3859 43
3860 31
3861 76
3862 53
3863 65
3864 34
3865 14
3866 43
3867 27
3868 84
3869 33
3870 27
3871 44
3872 24
3873 69
3874 38
3875 82
3876 77
3877 32
3878 14
3879 37
3880 91
3881 74
3882 45
3883 79
3884 42
3885 49
3886 89
3887 34
3888 90
3889 45
3890 91
3891 72
3892 35
3893 71
3894 40
3895 49
3896 73
3897 11
3898 28
3899 45
3900 52
3901 12
3902 37
3903 91
3904 44
3905 35
3906 73
3907 36
3908 84
3909 45
3910 48
3911 74
3912 37
3913 83
3914 44
3915 53
3916 71
3917 34
3918 128
3919 43
3920 36
3921 86
3922 43
3923 54
3924 66
3925 4
3926 87
3927 44
3928 128
3929 71
3930 48
3931 86
3932 43
3933 54
3934 72
3935 37
3936 83
3937 42
3938 55
3939 69
3940 46
3941 86
3942 57
3943 48
3944 64
3945 41
3946 69
3947 99
3948 51
3949 71
3950 42
3951 64
3952 61
3953 56
3954 68
3955 37
3956 128
3957 64
3958 49
3959 73
3960 38
3961 86
3962 75
3963 52
3964 26
3965 59
3966 31
3967 78
3968 55
3969 71
3970 60
3971 61
3972 71
3973 40
3974 72
3975 41
3976 23
3977 72
3978 33
3979 83
3980 36
3981 55
3982 93
3983 36
3984 74
3985 25
3986 21
3987 64
3988 41
3989 83
3990 58
3991 53
3992 65
3993 1
3994 86
3995 61
3996 54
3997 64
3998 41
3999 83
4000 66
4001 2
4002 75
4003 36
4004 90
4005 69
4006 48
4007 68
4008 35
4009 54
4010 68
4011 49
4012 65
4013 38
4014 61
4015 69
4016 40
4017 70
4018 41
4019 58
4020 64
4021 41
4022 73
4023 38
4024 49
4025 65
4026 40
4027 80
4028 35
4029 54
4030 70
4031 59
4032 85
4033 34
4034 49
4035 83
4036 42
4037 82
4038 73
4039 48
4040 64
4041 39
4042 81
4043 111
4044 57
4045 81
4046 38
4047 63
4048 37
4049 42
4050 66
4051 39
4052 56
4053 66
4054 45
4055 71
4056 32
4057 22
4058 7
4059 40
4060 20
4061 33
4062 56
4063 68
4064 45
4065 83
4066 34
4067 63
4068 69
4069 44
4070 20
4071 102
4072 48
4073 64
4074 43
4075 81
4076 128
4077 129
4078 65
4079 40
4080 82
4081 110
4082 42
4083 64
4084 45
4085 81
4086 36
4087 33
4088 79
4089 36
4090 82
4091 73
4092 50
4093 66
4094 57
4095 85
4096 64
4097 43
4098 69
4099 42
4100 57
4101 65
4102 42
4103 78
4104 33
4105 48
4106 66
4107 43
4108 69
4109 34
4110 92
4111 67
4112 46
4113 64
4114 33
4115 50
4116 66
4117 43
4118 81
4119 36
4120 49
4121 65
4122 48
4123 49
4124 71
4125 56
4126 66
4127 43
4128 93
4129 64
4130 57
4131 79
4132 40
4133 92
4134 83
4135 42
4136 66
4137 33
4138 56
4139 68
4140 51
4141 23
4142 40
4143 80
4144 73
4145 54
4146 82
4147 33
4148 62
4149 68
4150 35
4151 29
4152 2
4153 51
4154 75
4155 32
4156 80
4157 37
4158 36
4159 80
4160 43
4161 83
4162 72
4163 59
4164 85
4165 32
4166 88
4167 71
4168 25
4169 64
4170 49
4171 81
4172 107
4173 6
4174 67
4175 34
4176 82
4177 87
4178 11
4179 66
4180 104
4181 48
4182 90
4183 49
4184 71
4185 44
4186 88
4187 71
4188 42
4189 80
4190 45
4191 95
4192 70
4193 8
4194 85
4195 34
4196 49
4197 73
4198 36
4199 80
4200 108
4201 48
4202 68
4203 39
4204 85
4205 123
4206 51
4207 96
4208 34
4209 86
4210 93
4211 58
4212 26
4213 39
4214 87
4215 34
4216 8
4217 27
4218 38
4219 88
4220 77
4221 48
4222 28
4223 37
4224 128
4225 68
4226 37
4227 29
4228 32
4229 8
4230 69
4231 40
4232 24
4233 47
4234 115
4235 64
4236 33
4237 91
4238 44
4239 59
4240 81
4241 36
4242 84
4243 45
4244 128
4245 64
4246 49
4247 87
4248 70
4249 122
4250 71
4251 50
4252 80
4253 71
4254 54
4255 30
4256 45
4257 91
4258 86
4259 49
4260 25
4261 38
4262 94
4263 77
4264 36
4265 74
4266 118
4267 128
4268 64
4269 45
4270 79
4271 48
4272 82
4273 15
4274 36
4275 82
4276 47
4277 54
4278 74
4279 37
4280 87
4281 44
4282 22
4283 65
4284 34
4285 74
4286 45
4287 48
4288 72
4289 37
4290 87
4291 72
4292 45
4293 31
4294 32
4295 84
4296 9
4297 54
4298 64
4299 37
4300 87
4301 88
4302 33
4303 25
4304 36
4305 90
4306 13
4307 46
4308 26
4309 43
4310 54
4311 10
4312 33
4313 79
4314 121
4315 55
4316 65
4317 42
4318 86
4319 45
4320 54
4321 78
4322 45
4323 87
4324 117
4325 45
4326 93
4327 36
4328 80
4329 39
4330 54
4331 70
4332 53
4333 81
4334 46
4335 45
4336 75
4337 46
4338 90
4339 43
4340 54
4341 68
4342 35
4343 95
4344 36
4345 43
4346 79
4347 38
4348 55
4349 87
4350 44
4351 82
4352 9
4353 91
4354 111
4355 43
4356 71
4357 119
4358 55
4359 73
4360 34
4361 30
4362 43
4363 129
4364 68
4365 33
4366 77
4367 128
4368 128
4369 79
4370 42
4371 92
4372 45
4373 3
4374 68
4375 39
4376 87
4377 34
4378 39
4379 67
4380 62
4381 84
4382 87
4383 21
4384 72
4385 39
4386 85
4387 88
4388 43
4389 65
4390 60
4391 128
4392 95
4393 19
4394 64
4395 37
4396 129
4397 82
4398 6
4399 19
4400 46
4401 57
4402 69
4403 36
4404 84
4405 41
4406 58
4407 66
4408 33
4409 81
4410 44
4411 41
4412 65
4413 44
4414 76
4415 85
4416 40
4417 66
4418 33
4419 65
4420 84
4421 61
4422 67
4423 34
4424 92
4425 47
4426 58
4427 66
4428 41
4429 129
4430 76
4431 43
4432 83
4433 115
4434 128
4435 85
4436 40
4437 82
4438 33
4439 131
4440 70
4441 35
4442 69
4443 111
4444 128
4445 73
4446 40
4447 86
4448 45
4449 137
4450 66
4451 35
4452 85
4453 44
4454 128
4455 67
4456 40
4457 82
4458 85
4459 42
4460 22
4461 33
4462 81
4463 105
4464 128
4465 67
4466 129
4467 128
4468 69
4469 42
4470 64
4471 130
4472 136
4473 82
4474 33
4475 67
4476 32
4477 128
4478 81
4479 44
4480 82
4481 81
4482 137
4483 76
4484 35
4485 75
4486 115
4487 141
4488 65
4489 54
4490 80
4491 35
4492 129
4493 64
4494 43
4495 85
4496 80
4497 128
4498 69
4499 60
4500 86
4501 5
4502 58
4503 64
4504 22
4505 93
4506 80
4507 63
4508 81
4509 34
4510 140
4511 79
4512 32
4513 68
4514 51
4515 87
4516 86
4517 35
4518 65
4519 131
4520 47
4521 79
4522 34
4523 70
4524 104
4525 107
4526 78
4527 51
4528 71
4529 82
4530 128
4531 73
4532 127
4533 88
4534 104
4535 130
4536 70
4537 63
4538 81
4539 86
4540 128
4541 65
4542 139
4543 64
4544 81
4545 46
4546 68
4547 128
4548 102
4549 82
4550 33
4551 67
4552 111
4553 103
4554 81
4555 34
4556 80
4557 45
4558 143
4559 82
4560 37
4561 65
4562 34
4563 136
4564 39
4565 36
4566 80
4567 114
4568 128
4569 76
4570 33
4571 71
4572 111
4573 138
4574 79
4575 34
4576 76
4577 91
4578 9
4579 68
4580 35
4581 89
4582 34
4583 37
4584 65
4585 36
4586 78
4587 83
4588 141
4589 88
4590 53
4591 143
4592 66
4593 12
4594 65
4595 36
4596 136
4597 83
4598 34
4599 66
4600 35
4601 15
4602 80
4603 43
4604 67
4605 97
4606 8
4607 83
4608 32
4609 70
4610 49
4611 128
4612 72
4613 35
4614 65
4615 34
4616 12
4617 75
4618 46
4619 88
4620 83
4621 133
4622 66
4623 16
4624 73
4625 94
4626 92
4627 65
4628 36
4629 129
4630 83
4631 42
4632 74
4633 126
4634 91
4635 68
4636 142
4637 71
4638 48
4639 88
4640 71
4641 48
4642 14
4643 102
4644 130
4645 80
4646 39
4647 95
4648 140
4649 76
4650 75
4651 36
4652 68
4653 124
4654 128
4655 80
4656 39
4657 75
4658 97
4659 136
4660 69
4661 38
4662 76
4663 89
4664 50
4665 72
4666 35
4667 77
4668 92
4669 43
4670 65
4671 36
4672 80
4673 9
4674 36
4675 66
4676 37
4677 147
4678 26
4679 39
4680 79
4681 54
4682 138
4683 75
4684 32
4685 72
4686 51
4687 89
4688 30
4689 129
4690 73
4691 34
4692 144
4693 73
4694 38
4695 103
4696 89
4697 135
4698 70
4699 128
4700 91
4701 94
4702 146
4703 73
4704 48
4705 68
4706 89
4707 150
4708 64
4709 100
4710 141
4711 92
4712 128
4713 69
4714 40
4715 144
4716 81
4717 44
4718 70
4719 132
4720 79
4721 68
4722 134
4723 81
4724 129
4725 141
4726 75
4727 36
4728 84
4729 98
4730 36
4731 86
4732 33
4733 67
4734 92
4735 128
4736 83
4737 32
4738 64
4739 89
4740 145
4741 68
4742 18
4743 87
4744 88
4745 130
4746 67
4747 42
4748 76
4749 89
4750 133
4751 66
4752 128
4753 85
4754 86
4755 41
4756 65
4757 42
4758 68
4759 11
4760 36
4761 74
4762 47
4763 81
4764 10
4765 37
4766 69
4767 44
4768 128
4769 81
4770 34
4771 66
4772 41
4773 32
4774 82
4775 128
4776 67
4777 111
4778 128
4779 65
4780 31
4781 88
4782 91
4783 129
4784 64
4785 41
4786 87
4787 90
4788 128
4789 71
4790 46
4791 68
4792 89
4793 60
4794 72
4795 130
4796 110
4797 105
4798 128
4799 65
4800 38
4801 153
4802 85
4803 46
4804 64
4805 59
4806 139
4807 80
4808 41
4809 65
4810 109
4811 142
4812 75
4813 23
4814 72
4815 63
4816 129
4817 84
4818 28
4819 77
4820 107
4821 128
4822 83
4823 40
4824 66
4825 85
4826 42
4827 66
4828 43
4829 71
4830 82
4831 150
4832 65
4833 27
4834 74
4835 87
4836 34
4837 66
4838 110
4839 85
4840 80
4841 104
4842 65
4843 135
4844 102
4845 23
4846 34
4847 66
4848 33
4849 129
4850 80
4851 128
4852 69
4853 44
4854 140
4855 85
4856 34
4857 66
4858 128
4859 135
4860 0
4861 128
4862 65
4863 86
4864 43
4865 65
4866 36
4867 68
4868 104
4869 42
4870 78
4871 47
4872 73
4873 80
4874 47
4875 3
4876 46
4877 128
4878 71
4879 42
4880 64
4881 33
4882 139
4883 86
4884 148
4885 77
4886 109
4887 130
4888 83
4889 46
4890 64
4891 35
4892 145
4893 70
4894 33
4895 71
4896 137
4897 150
4898 81
4899 32
4900 74
4901 57
4902 157
4903 70
4904 130
4905 73
4906 44
4907 138
4908 65
4909 32
4910 64
4911 23
4912 44
4913 66
4914 128
4915 65
4916 111
4917 43
4918 69
4919 129
4920 152
4921 53
4922 157
4923 80
4924 128
4925 77
4926 99
4927 138
4928 67
4929 36
4930 128
4931 81
4932 129
4933 64
4934 138
4935 44
4936 26
4937 41
4938 73
4939 32
4940 106
4941 81
4942 32
4943 64
4944 98
4945 133
4946 86
4947 110
4948 67
4949 103
4950 41
4951 67
4952 34
4953 76
4954 89
4955 147
4956 68
4957 128
4958 71
4959 157
4960 41
4961 69
4962 129
4963 68
4964 85
4965 32
4966 72
4967 24
4968 151
4969 94
4970 39
4971 67
4972 34
4973 136
4974 81
4975 133
4976 72
4977 124
4978 143
4979 74
4980 33
4981 71
4982 42
4983 140
4984 77
4985 32
4986 76
4987 128
4988 36
4989 66
4990 128
4991 79
4992 99
4993 33
4994 65
4995 38
4996 66
4997 87
4998 44
4999 66
5000 39
5001 71
5002 101
5003 41
5004 73
5005 11
5006 70
5007 39
5008 40
5009 72
5010 161
5011 79
5012 80
5013 132
5014 77
5015 34
5016 110
5017 83
5018 44
5019 68
5020 96
5021 73
5022 74
5023 110
5024 65
5025 129
5026 128
5027 75
5028 36
5029 68
5030 148
5031 133
5032 74
5033 41
5034 71
5035 48
5036 37
5037 67
5038 131
5039 66
5040 96
5041 111
5042 70
5043 55
5044 65
5045 92
5046 146
5047 73
5048 159
5049 94
5050 89
5051 103
5052 66
5053 35
5054 65
5055 82
5056 37
5057 65
5058 123
5059 128
5060 73
5061 34
5062 66
5063 49
5064 111
5065 72
5066 43
5067 65
5068 97
5069 134
5070 73
5071 23
5072 66
5073 95
5074 105
5075 72
5076 39
5077 79
5078 103
5079 132
5080 65
5081 131
5082 115
5083 128
5084 38
5085 70
5086 37
5087 71
5088 117
5089 102
5090 65
5091 141
5092 140
5093 75
5094 141
5095 70
5096 122
5097 133
5098 8
5099 39
5100 65
5101 117
5102 64
5103 75
5104 109
5105 64
5106 100
5107 124
5108 72
5109 100
5110 69
5111 133
5112 130
5113 73
5114 21
5115 74
5116 114
5117 133
5118 72
5119 134
5120 67
5121 147
5122 132
5123 75
5124 103
5125 64
5126 91
5127 129
5128 66
5129 138
5130 67
5131 76
5132 128
5133 69
5134 129
5135 68
5136 124
5137 103
5138 66
5139 134
5140 129
5141 58
5142 35
5143 69
5144 143
5145 134
5146 69
5147 40
5148 64
5149 140
5150 137
5151 68
5152 128
5153 67
5154 159
5155 45
5156 71
5157 143
5158 64
5159 19
5160 131
5161 64
5162 134
5163 112
5164 145
5165 140
5166 77
5167 46
5168 68
5169 100
5170 147
5171 68
5172 47
5173 137
5174 90
5175 41
5176 69
5177 38
5178 68
5179 144
5180 32
5181 64
5182 102
5183 85
5184 86
5185 45
5186 75
5187 125
5188 98
5189 79
5190 129
5191 70
5192 45
5193 131
5194 66
5195 132
5196 69
5197 109
5198 128
5199 67
5200 40
5201 76
5202 124
5203 129
5204 64
5205 128
5206 120
5207 131
5208 61
5209 67
5210 46
5211 68
5212 89
5213 40
5214 68
5215 144
5216 69
5217 145
5218 41
5219 69
5220 157
5221 150
5222 122
5223 131
5224 66
5225 140
5226 131
5227 68
5228 144
5229 65
5230 44
5231 150
5232 79
5233 34
5234 64
5235 142
5236 131
5237 16
5238 104
5239 75
5240 133
5241 41
5242 69
5243 135
5244 66
5245 140
5246 131
5247 64
5248 10
5249 120
5250 18
5251 146
5252 67
5253 131
5254 128
5255 69
5256 133
5257 64
5258 136
5259 137
5260 125
5261 128
5262 67
5263 155
5264 127
5265 85
5266 129
5267 72
5268 136
5269 129
5270 66
5271 150
5272 65
5273 135
5274 128
5275 65
5276 111
5277 70
5278 104
5279 99
5280 66
5281 49
5282 71
5283 70
5284 136
5285 69
5286 141
5287 117
5288 17
5289 131
5290 64
5291 163
5292 77
5293 84
5294 138
5295 71
5296 151
5297 66
5298 65
5299 109
5300 68
5301 47
5302 131
5303 66
5304 132
5305 65
5306 32
5307 130
5308 69
5309 139
5310 66
5311 136
5312 129
5313 84
5314 28
5315 91
5316 15
5317 132
5318 85
5319 34
5320 78
5321 37
5322 157
5323 68
5324 41
5325 75
5326 151
5327 156
5328 49
5329 129
5330 125
5331 69
5332 101
5333 70
5334 134
5335 118
5336 76
5337 136
5338 65
5339 131
5340 136
5341 116
5342 137
5343 76
5344 41
5345 139
5346 64
5347 128
5348 75
5349 129
5350 158
5351 148
5352 149
5353 68
5354 152
5355 139
5356 64
5357 136
5358 65
5359 52
5360 136
5361 65
5362 125
5363 72
5364 154
5365 137
5366 70
5367 148
5368 112
5369 105
5370 102
5371 13
5372 111
5373 30
5374 25
5375 137
5376 74
5377 39
5378 79
5379 119
5380 130
5381 27
5382 137
5383 136
5384 114
5385 107
5386 78
5387 43
5388 139
5389 52
5390 138
5391 69
5392 50
5393 132
5394 79
5395 62
5396 78
5397 114
5398 77
5399 24
5400 122
5401 79
5402 32
5403 138
5404 67
5405 135
5406 78
5407 14
5408 133
5409 74
5410 138
5411 25
5412 131
5413 142
5414 31
5415 139
5416 88
5417 128
5418 137
5419 70
5420 146
5421 79
5422 149
5423 142
5424 69
5425 36
5426 30
5427 75
5428 52
5429 74
5430 138
5431 107
5432 78
5433 110
5434 69
5435 52
5436 134
5437 53
5438 151
5439 64
5440 6
5441 133
5442 64
5443 134
5444 65
5445 117
5446 136
5447 67
5448 131
5449 72
5450 79
5451 135
5452 28
5453 132
5454 77
5455 74
5456 138
5457 27
5458 103
5459 119
5460 79
5461 143
5462 64
5463 160
5464 95
5465 74
5466 136
5467 65
5468 135
5469 163
5470 77
5471 56
5472 80
5473 45
5474 143
5475 28
5476 128
5477 75
5478 78
5479 140
5480 75
5481 141
5482 117
5483 75
5484 133
5485 66
5486 51
5487 73
5488 72
5489 140
5490 29
5491 141
5492 88
5493 73
5494 143
5495 76
5496 132
5497 81
5498 72
5499 132
5500 73
5501 141
5502 128
5503 41
5504 133
5505 72
5506 130
5507 126
5508 74
5509 144
5510 89
5511 129
5512 82
5513 73
5514 141
5515 72
5516 118
5517 131
5518 76
5519 142
5520 71
5521 101
5522 161
5523 73
5524 141
5525 68
5526 41
5527 143
5528 113
5529 116
5530 85
5531 145
5532 140
5533 23
5534 46
5535 80
5536 116
5537 129
5538 82
5539 59
5540 124
5541 119
5542 118
5543 77
5544 46
5545 142
5546 79
5547 129
5548 72
5549 134
5550 141
5551 74
5552 114
5553 112
5554 133
5555 130
5556 73
5557 46
5558 74
5559 33
5560 131
5561 86
5562 41
5563 83
5564 113
5565 140
5566 79
5567 129
5568 66
5569 134
5570 62
5571 64
5572 122
5573 116
5574 117
5575 80
5576 75
5577 131
5578 82
5579 146
5580 97
5581 74
5582 132
5583 126
5584 66
5585 128
5586 71
5587 145
5588 16
5589 124
5590 129
5591 84
5592 12
5593 160
5594 125
5595 130
5596 65
5597 1
5598 84
5599 144
5600 129
5601 74
5602 140
5603 129
5604 86
5605 146
5606 67
5607 131
5608 128
5609 79
5610 153
5611 66
5612 140
5613 131
5614 66
5615 130
5616 65
5617 117
5618 128
5619 67
5620 129
5621 158
5622 116
5623 129
5624 68
5625 128
5626 124
5627 121
5628 128
5629 71
5630 135
5631 123
5632 120
5633 129
5634 64
5635 10
5636 129
5637 84
5638 128
5639 69
5640 141
5641 169
5642 65
5643 131
5644 84
5645 146
5646 147
5647 64
5648 148
5649 67
5650 143
5651 130
5652 83
5653 147
5654 123
5655 140
5656 155
5657 66
5658 130
5659 89
5660 109
5661 130
5662 19
5663 42
5664 86
5665 71
5666 131
5667 64
5668 144
5669 129
5670 125
5671 128
5672 71
5673 137
5674 128
5675 67
5676 129
5677 64
5678 144
5679 129
5680 52
5681 128
5682 67
5683 145
5684 128
5685 69
5686 54
5687 86
5688 146
5689 160
5690 66
5691 112
5692 89
5693 38
5694 128
5695 65
5696 52
5697 88
5698 71
5699 147
5700 64
5701 110
5702 95
5703 149
5704 140
5705 65
5706 139
5707 169
5708 39
5709 131
5710 82
5711 51
5712 120
5713 52
5714 110
5715 89
5716 137
5717 130
5718 120
5719 131
5720 64
5721 136
5722 131
5723 109
5724 55
5725 120
5726 15
5727 148
5728 65
5729 145
5730 86
5731 53
5732 139
5733 64
5734 45
5735 126
5736 121
5737 146
5738 17
5739 137
5740 92
5741 71
5742 155
5743 64
5744 126
5745 149
5746 48
5747 138
5748 67
5749 52
5750 167
5751 81
5752 139
5753 66
5754 148
5755 89
5756 66
5757 126
5758 71
5759 119
5760 167
5761 85
5762 137
5763 70
5764 122
5765 137
5766 68
5767 136
5768 89
5769 139
5770 138
5771 120
5772 125
5773 121
5774 33
5775 137
5776 153
5777 136
5778 79
5779 113
5780 142
5781 93
5782 34
5783 76
5784 136
5785 160
5786 66
5787 35
5788 149
5789 74
5790 158
5791 75
5792 32
5793 161
5794 71
5795 137
5796 105
5797 136
5798 135
5799 121
5800 136
5801 89
5802 25
5803 171
5804 67
5805 127
5806 101
5807 33
5808 125
5809 113
5810 136
5811 112
5812 129
5813 138
5814 73
5815 139
5816 113
5817 146
5818 159
5819 94
5820 136
5821 135
5822 48
5823 136
5824 75
5825 137
5826 92
5827 73
5828 151
5829 88
5830 114
5831 139
5832 72
5833 132
5834 75
5835 151
5836 134
5837 35
5838 151
5839 90
5840 124
5841 135
5842 127
5843 142
5844 31
5845 42
5846 142
5847 79
5848 137
5849 119
5850 2
5851 164
5852 66
5853 136
5854 73
5855 70
5856 132
5857 75
5858 133
5859 74
5860 150
5861 143
5862 66
5863 144
5864 91
5865 145
5866 132
5867 75
5868 127
5869 72
5870 124
5871 141
5872 92
5873 33
5874 166
5875 173
5876 136
5877 27
5878 127
5879 138
5880 112
5881 133
5882 88
5883 148
5884 135
5885 74
5886 156
5887 98
5888 36
5889 163
5890 41
5891 137
5892 24
5893 116
5894 141
5895 117
5896 144
5897 89
5898 97
5899 169
5900 91
5901 58
5902 103
5903 114
5904 135
5905 76
5906 41
5907 166
5908 88
5909 136
5910 67
5911 62
5912 163
5913 150
5914 135
5915 90
5916 35
5917 162
5918 76
5919 144
5920 81
5921 131
5922 173
5923 75
5924 151
5925 99
5926 132
5927 135
5928 40
5929 130
5930 81
5931 133
5932 82
5933 158
5934 119
5935 103
5936 59
5937 85
5938 72
5939 126
5940 106
5941 133
5942 134
5943 100
5944 81
5945 105
5946 112
5947 149
5948 74
5949 132
5950 188
5951 145
5952 126
5953 73
5954 133
5955 142
5956 118
5957 131
5958 109
5959 132
5960 170
5961 145
5962 112
5963 89
5964 117
5965 134
5966 144
5967 133
5968 78
5969 114
5970 143
5971 76
5972 134
5973 100
5974 113
5975 169
5976 118
5977 127
5978 161
5979 128
5980 172
5981 70
5982 41
5983 85
5984 56
5985 128
5986 35
5987 117
5988 84
5989 130
5990 133
5991 68
5992 132
5993 81
5994 60
5995 134
5996 100
5997 129
5998 142
5999 87
6000 149
6001 80
6002 144
6003 143
6004 86
6005 128
6006 87
6007 147
6008 128
6009 79
6010 129
6011 80
6012 118
6013 135
6014 34
6015 134
6016 87
6017 145
6018 144
6019 178
6020 127
6021 90
6022 126
6023 143
6024 86
6025 43
6026 108
6027 38
6028 128
6029 85
6030 145
6031 80
6032 118
6033 129
6034 80
6035 140
6036 85
6037 34
6038 128
6039 21
6040 141
6041 111
6042 146
6043 131
6044 107
6045 100
6046 141
6047 84
6048 144
6049 104
6050 145
6051 68
6052 85
6053 133
6054 99
6055 134
6056 129
6057 80
6058 140
6059 85
6060 141
6061 130
6062 85
6063 129
6064 107
6065 14
6066 131
6067 82
6068 142
6069 106
6070 117
6071 128
6072 96
6073 121
6074 105
6075 33
6076 133
6077 82
6078 146
6079 157
6080 121
6081 130
6082 83
6083 34
6084 105
6085 190
6086 131
6087 105
6088 128
6089 174
6090 86
6091 128
6092 108
6093 141
6094 109
6095 87
6096 131
6097 105
6098 140
6099 129
6100 0
6101 124
6102 106
6103 107
6104 146
6105 83
6106 155
6107 105
6108 37
6109 131
6110 84
6111 39
6112 108
6113 54
6114 130
6115 91
6116 32
6117 105
6118 144
6119 131
6120 24
6121 130
6122 104
6123 147
6124 130
6125 81
6126 141
6127 63
6128 120
6129 131
6130 88
6131 152
6132 180
6133 2
6134 130
6135 98
6136 48
6137 99
6138 91
6139 131
6140 84
6141 146
6142 157
6143 82
6144 128
6145 96
6146 155
6147 130
6148 93
6149 131
6150 101
6151 146
6152 131
6153 99
6154 55
6155 100
6156 145
6157 130
6158 100
6159 139
6160 171
6161 108
6162 141
6163 94
6164 43
6165 96
6166 109
6167 130
6168 96
6169 137
6170 163
6171 81
6172 153
6173 107
6174 128
6175 166
6176 155
6177 49
6178 93
6179 34
6180 146
6181 83
6182 131
6183 97
6184 156
6185 137
6186 78
6187 132
6188 100
6189 42
6190 150
6191 100
6192 133
6193 101
6194 120
6195 139
6196 90
6197 136
6198 170
6199 103
6200 136
6201 89
6202 131
6203 84
6204 104
6205 139
6206 80
6207 136
6208 102
6209 82
6210 134
6211 81
6212 139
6213 161
6214 89
6215 137
6216 90
6217 39
6218 149
6219 82
6220 130
6221 75
6222 38
6223 167
6224 89
6225 129
6226 97
6227 126
6228 139
6229 92
6230 136
6231 91
6232 141
6233 132
6234 73
6235 141
6236 97
6237 35
6238 149
6239 97
6240 134
6241 89
6242 145
6243 144
6244 91
6245 139
6246 97
6247 95
6248 135
6249 80
6250 53
6251 98
6252 82
6253 144
6254 96
6255 32
6256 165
6257 108
6258 133
6259 72
6260 39
6261 151
6262 68
6263 132
6264 100
6265 119
6266 146
6267 73
6268 137
6269 99
6270 148
6271 139
6272 80
6273 136
6274 96
6275 151
6276 146
6277 73
6278 129
6279 99
6280 41
6281 133
6282 76
6283 140
6284 100
6285 46
6286 140
6287 98
6288 133
6289 154
6290 96
6291 135
6292 99
6293 144
6294 102
6295 159
6296 128
6297 95
6298 131
6299 136
6300 89
6301 133
6302 72
6303 112
6304 149
6305 72
6306 130
6307 102
6308 159
6309 128
6310 41
6311 139
6312 97
6313 100
6314 133
6315 92
6316 132
6317 98
6318 42
6319 132
6320 98
6321 133
6322 101
6323 45
6324 133
6325 92
6326 134
6327 110
6328 92
6329 136
6330 98
6331 137
6332 148
6333 118
6334 133
6335 94
6336 130
6337 162
6338 101
6339 136
6340 39
6341 145
6342 144
6343 41
6344 135
6345 99
6346 148
6347 149
6348 90
6349 138
6350 96
6351 101
6352 146
6353 89
6354 133
6355 84
6356 100
6357 155
6358 94
6359 132
6360 106
6361 149
6362 132
6363 81
6364 133
6365 101
6366 102
6367 145
6368 94
6369 96
6370 166
6371 101
6372 132
6373 100
6374 131
6375 169
6376 83
6377 143
6378 99
6379 45
6380 85
6381 101
6382 61
6383 83
6384 133
6385 80
6386 114
6387 133
6388 111
6389 156
6390 135
6391 42
6392 130
6393 100
6394 143
6395 150
6396 104
6397 133
6398 103
6399 160
6400 145
6401 86
6402 132
6403 98
6404 44
6405 158
6406 100
6407 135
6408 187
6409 93
6410 133
6411 92
6412 142
6413 104
6414 92
6415 132
6416 81
6417 119
6418 175
6419 33
6420 141
6421 86
6422 140
6423 81
6424 94
6425 132
6426 104
6427 97
6428 132
6429 85
6430 133
6431 101
6432 142
6433 145
6434 88
6435 128
6436 104
6437 153
6438 142
6439 81
6440 131
6441 70
6442 158
6443 145
6444 84
6445 132
6446 100
6447 94
6448 128
6449 104
6450 135
6451 50
6452 98
6453 135
6454 101
6455 100
6456 106
6457 82
6458 130
6459 71
6460 103
6461 105
6462 110
6463 141
6464 84
6465 136
6466 174
6467 82
6468 130
6469 100
6470 147
6471 144
6472 85
6473 131
6474 97
6475 108
6476 104
6477 84
6478 130
6479 104
6480 42
6481 130
6482 102
6483 129
6484 99
6485 138
6486 141
6487 38
6488 136
6489 100
6490 107
6491 130
6492 83
6493 135
6494 105
6495 81
6496 129
6497 84
6498 132
6499 162
6500 38
6501 128
6502 96
6503 141
6504 140
6505 83
6506 129
6507 97
6508 146
6509 170
6510 97
6511 138
6512 104
6513 151
6514 173
6515 56
6516 129
6517 107
6518 126
6519 131
6520 105
6521 128
6522 104
6523 141
6524 154
6525 102
6526 133
6527 105
6528 71
6529 157
6530 80
6531 130
6532 106
6533 36
6534 128
6535 93
6536 143
6537 156
6538 85
6539 143
6540 80
6541 130
6542 106
6543 38
6544 128
6545 106
6546 129
6547 171
6548 87
6549 129
6550 103
6551 140
6552 164
6553 36
6554 140
6555 98
6556 145
6557 161
6558 89
6559 133
6560 105
6561 152
6562 135
6563 105
6564 128
6565 110
6566 101
6567 150
6568 85
6569 131
6570 107
6571 106
6572 143
6573 80
6574 128
6575 110
6576 105
6577 134
6578 89
6579 101
6580 179
6581 91
6582 129
6583 105
6584 140
6585 162
6586 107
6587 138
6588 108
6589 107
6590 187
6591 108
6592 129
6593 101
6594 140
6595 170
6596 90
6597 128
6598 110
6599 44
6600 161
6601 41
6602 135
6603 117
6604 110
6605 139
6606 86
6607 132
6608 106
6609 153
6610 146
6611 91
6612 129
6613 107
6614 96
6615 135
6616 28
6617 136
6618 168
6619 105
6620 132
6621 91
6622 129
6623 183
6624 18
6625 139
6626 99
6627 128
6628 174
6629 88
6630 55
6631 108
6632 129
6633 150
6634 47
6635 143
6636 105
6637 104
6638 129
6639 101
6640 130
6641 96
6642 111
6643 167
6644 29
6645 131
6646 107
6647 110
6648 151
6649 42
6650 128
6651 98
6652 105
6653 154
6654 91
6655 137
6656 117
6657 95
6658 164
6659 97
6660 134
6661 112
6662 23
6663 134
6664 75
6665 131
6666 97
6667 20
6668 133
6669 99
6670 136
6671 172
6672 107
6673 128
6674 102
6675 137
6676 128
6677 87
6678 131
6679 99
6680 100
6681 166
6682 86
6683 130
6684 96
6685 103
6686 158
6687 73
6688 133
6689 99
6690 104
6691 149
6692 74
6693 130
6694 170
6695 117
6696 158
6697 100
6698 139
6699 113
6700 148
6701 139
6702 74
6703 96
6704 170
6705 19
6706 134
6707 102
6708 111
6709 181
6710 47
6711 133
6712 115
6713 102
6714 116
6715 82
6716 130
6717 118
6718 99
6719 150
6720 91
6721 141
6722 109
6723 100
6724 172
6725 97
6726 136
6727 112
6728 99
6729 132
6730 73
6731 135
6732 113
6733 136
6734 129
6735 115
6736 134
6737 118
6738 109
6739 130
6740 106
6741 137
6742 161
6743 89
6744 135
6745 103
6746 100
6747 133
6748 90
6749 132
6750 73
6751 101
6752 175
6753 96
6754 133
6755 99
6756 41
6757 162
6758 88
6759 57
6760 110
6761 99
6762 152
6763 41
6764 137
6765 97
6766 98
6767 159
6768 88
6769 136
6770 114
6771 99
6772 144
6773 89
6774 139
6775 121
6776 91
6777 145
6778 80
6779 130
6780 118
6781 97
6782 128
6783 108
6784 129
6785 115
6786 89
6787 139
6788 80
6789 134
6790 124
6791 84
6792 142
6793 98
6794 111
6795 173
6796 33
6797 143
6798 54
6799 140
6800 199
6801 40
6802 136
6803 118
6804 145
6805 144
6806 98
6807 139
6808 101
6809 106
6810 129
6811 107
6812 134
6813 120
6814 103
6815 146
6816 102
6817 129
6818 117
6819 35
6820 147
6821 32
6822 136
6823 120
6824 32
6825 130
6826 21
6827 141
6828 187
6829 98
6830 129
6831 99
6832 128
6833 172
6834 92
6835 128
6836 104
6837 105
6838 115
6839 71
6840 135
6841 111
6842 108
6843 147
6844 68
6845 128
6846 69
6847 101
6848 158
6849 45
6850 129
6851 109
6852 102
6853 133
6854 88
6855 39
6856 112
6857 107
6858 142
6859 71
6860 135
6861 123
6862 98
6863 145
6864 101
6865 138
6866 124
6867 32
6868 140
6869 106
6870 143
6871 127
6872 37
6873 131
6874 101
6875 110
6876 124
6877 94
6878 132
6879 102
6880 107
6881 175
6882 98
6883 129
6884 111
6885 108
6886 131
6887 70
6888 128
6889 69
6890 111
6891 121
6892 35
6893 133
6894 101
6895 108
6896 147
6897 103
6898 134
6899 116
6900 111
6901 167
6902 69
6903 133
6904 117
6905 100
6906 131
6907 66
6908 142
6909 172
6910 34
6911 134
6912 69
6913 133
6914 119
6915 110
6916 135
6917 76
6918 136
6919 118
6920 44
6921 142
6922 112
6923 109
6924 173
6925 35
6926 133
6927 70
6928 39
6929 131
6930 76
6931 130
6932 85
6933 32
6934 128
6935 65
6936 139
6937 101
6938 104
6939 129
6940 88
6941 41
6942 122
6943 111
6944 138
6945 73
6946 107
6947 181
6948 100
6949 133
6950 103
6951 106
6952 116
6953 99
6954 130
6955 108
6956 107
6957 171
6958 93
6959 129
6960 70
6961 128
6962 157
6963 76
6964 132
6965 100
6966 105
6967 134
6968 98
6969 141
6970 99
6971 108
6972 116
6973 101
6974 130
6975 116
6976 147
6977 117
6978 96
6979 129
6980 115
6981 35
6982 131
6983 66
6984 134
6985 114
6986 103
6987 134
6988 98
6989 133
6990 113
6991 156
6992 133
6993 113
6994 146
6995 114
6996 169
6997 128
6998 118
6999 111
7000 192
7001 100
7002 139
7003 119
7004 89
7005 168
7006 88
7007 134
7008 108
7009 42
7010 169
7011 67
7012 135
7013 99
7014 144
7015 77
7016 99
7017 128
7018 77
7019 97
7020 140
7021 102
7022 139
7023 101
7024 96
7025 159
7026 46
7027 146
7028 112
7029 36
7030 130
7031 98
7032 135
7033 115
7034 219
7035 133
7036 97
7037 144
7038 182
7039 94
7040 132
7041 102
7042 107
7043 117
7044 95
7045 135
7046 113
7047 43
7048 114
7049 202
7050 132
7051 100
7052 147
7053 161
7054 102
7055 133
7056 115
7057 146
7058 143
7059 103
7060 134
7061 112
7062 145
7063 128
7064 47
7065 131
7066 101
7067 156
7068 151
7069 78
7070 132
7071 112
7072 145
7073 136
7074 100
7075 133
7076 113
7077 91
7078 133
7079 97
7080 130
7081 172
7082 72
7083 128
7084 112
7085 147
7086 119
7087 102
7088 135
7089 97
7090 148
7091 168
7092 194
7093 128
7094 102
7095 145
7096 136
7097 41
7098 131
7099 113
7100 144
7101 143
7102 78
7103 128
7104 112
7105 97
7106 150
7107 35
7108 135
7109 115
7110 148
7111 143
7112 97
7113 136
7114 112
7115 149
7116 136
7117 73
7118 145
7119 113
7120 75
7121 133
7122 109
7123 128
7124 112
7125 36
7126 128
7127 43
7128 139
7129 175
7130 89
7131 137
7132 105
7133 150
7134 112
7135 74
7136 138
7137 110
7138 99
7139 165
7140 98
7141 129
7142 111
7143 45
7144 166
7145 72
7146 61
7147 116
7148 159
7149 128
7150 75
7151 129
7152 119
7153 41
7154 157
7155 99
7156 148
7157 112
7158 159
7159 138
7160 69
7161 145
7162 113
7163 96
7164 143
7165 97
7166 57
7167 122
7168 97
7169 140
7170 65
7171 131
7172 121
7173 96
7174 129
7175 109
7176 156
7177 112
7178 99
7179 130
7180 114
7181 147
7182 167
7183 96
7184 133
7185 113
7186 150
7187 129
7188 64
7189 130
7190 114
7191 212
7192 134
7193 12
7194 129
7195 121
7196 112
7197 137
7198 70
7199 134
7200 174
7201 76
7202 130
7203 96
7204 141
7205 115
7206 114
7207 131
7208 111
7209 150
7210 122
7211 125
7212 134
7213 71
7214 147
7215 121
7216 114
7217 133
7218 105
7219 148
7220 120
7221 76
7222 134
7223 67
7224 133
7225 123
7226 10
7227 131
7228 80
7229 71
7230 135
7231 103
7232 142
7233 116
7234 76
7235 132
7236 100
7237 137
7238 115
7239 102
7240 135
7241 70
7242 132
7243 122
7244 38
7245 134
7246 71
7247 143
7248 121
7249 39
7250 139
7251 125
7252 128
7253 172
7254 48
7255 130
7256 102
7257 145
7258 181
7259 104
7260 133
7261 105
7262 148
7263 172
7264 109
7265 136
7266 108
7267 68
7268 132
7269 102
7270 135
7271 111
7272 146
7273 133
7274 105
7275 130
7276 126
7277 157
7278 134
7279 96
7280 141
7281 107
7282 43
7283 151
7284 105
7285 128
7286 120
7287 68
7288 134
7289 106
7290 139
7291 115
7292 49
7293 131
7294 64
7295 136
7296 135
7297 13
7298 134
7299 65
7300 66
7301 163
7302 93
7303 129
7304 97
7305 142
7306 120
7307 50
7308 142
7309 112
7310 229
7311 167
7312 102
7313 131
7314 105
7315 104
7316 176
7317 101
7318 87
7319 114
7320 72
7321 140
7322 100
7323 131
7324 121
7325 87
7326 172
7327 99
7328 69
7329 96
7330 121
7331 138
7332 104
7333 137
7334 175
7335 98
7336 135
7337 38
7338 144
7339 178
7340 13
7341 132
7342 112
7343 149
7344 173
7345 69
7346 141
7347 76
7348 152
7349 131
7350 66
7351 138
7352 100
7353 145
7354 140
7355 104
7356 143
7357 121
7358 118
7359 141
7360 97
7361 134
7362 112
7363 68
7364 136
7365 102
7366 133
7367 115
7368 79
7369 145
7370 48
7371 136
7372 112
7373 117
7374 136
7375 65
7376 141
7377 175
7378 65
7379 131
7380 121
7381 132
7382 176
7383 101
7384 128
7385 116
7386 159
7387 158
7388 85
7389 129
7390 24
7391 193
7392 159
7393 44
7394 134
7395 100
7396 192
7397 148
7398 100
7399 133
7400 115
7401 156
7402 129
7403 99
7404 132
7405 110
7406 78
7407 152
7408 100
7409 141
7410 97
7411 67
7412 135
7413 74
7414 161
7415 126
7416 66
7417 136
7418 96
7419 78
7420 117
7421 4
7422 137
7423 76
7424 146
7425 118
7426 5
7427 132
7428 96
7429 176
7430 179
7431 4
7432 137
7433 117
7434 128
7435 143
7436 50
7437 140
7438 75
7439 155
7440 128
7441 73
7442 137
7443 111
7444 112
7445 141
7446 101
7447 136
7448 176
7449 103
7450 156
7451 96
7452 147
7453 119
7454 77
7455 131
7456 66
7457 73
7458 126
7459 101
7460 138
7461 75
7462 66
7463 128
7464 47
7465 129
7466 107
7467 144
7468 180
7469 64
7470 128
7471 112
7472 74
7473 142
7474 4
7475 129
7476 103
7477 93
7478 159
7479 101
7480 140
7481 104
7482 103
7483 146
7484 77
7485 151
7486 113
7487 65
7488 172
7489 113
7490 142
7491 118
7492 74
7493 128
7494 96
7495 145
7496 150
7497 57
7498 143
7499 99
7500 158
7501 100
7502 103
7503 130
7504 67
7505 147
7506 177
7507 67
7508 131
7509 103
7510 79
7511 162
7512 64
7513 128
7514 112
7515 88
7516 173
7517 4
7518 137
7519 111
7520 43
7521 131
7522 97
7523 75
7524 100
7525 72
7526 130
7527 96
7528 129
7529 113
7530 114
7531 143
7532 68
7533 144
7534 110
7535 76
7536 130
7537 98
7538 162
7539 111
7540 85
7541 131
7542 70
7543 75
7544 172
7545 42
7546 130
7547 112
7548 70
7549 183
7550 77
7551 135
7552 103
7553 148
7554 160
7555 64
7556 128
7557 96
7558 74
7559 130
7560 71
7561 145
7562 123
7563 114
7564 131
7565 113
7566 128
7567 106
7568 88
7569 163
7570 6
7571 68
7572 101
7573 65
7574 141
7575 107
7576 91
7577 100
7578 68
7579 128
7580 102
7581 147
7582 175
7583 8
7584 133
7585 50
7586 73
7587 124
7588 113
7589 142
7590 67
7591 157
7592 171
7593 67
7594 131
7595 105
7596 75
7597 178
7598 66
7599 73
7600 108
7601 115
7602 158
7603 81
7604 143
7605 99
7606 118
7607 131
7608 107
7609 128
7610 122
7611 68
7612 148
7613 71
7614 147
7615 34
7616 55
7617 129
7618 105
7619 142
7620 180
7621 123
7622 134
7623 96
7624 149
7625 105
7626 8
7627 143
7628 68
7629 65
7630 104
7631 68
7632 130
7633 96
7634 66
7635 183
7636 69
7637 129
7638 54
7639 158
7640 182
7641 68
7642 136
7643 96
7644 123
7645 128
7646 106
7647 133
7648 107
7649 120
7650 131
7651 84
7652 130
7653 96
7654 68
7655 154
7656 100
7657 131
7658 107
7659 114
7660 137
7661 107
7662 140
7663 98
7664 68
7665 134
7666 104
7667 157
7668 107
7669 53
7670 133
7671 34
7672 67
7673 182
7674 109
7675 130
7676 33
7677 147
7678 181
7679 118
7680 131
7681 107
7682 224
7683 178
7684 92
7685 134
7686 96
7687 125
7688 165
7689 102
7690 129
7691 97
7692 71
7693 135
7694 111
7695 71
7696 108
7697 125
7698 163
7699 10
7700 68
7701 119
7702 124
7703 131
7704 97
7705 140
7706 164
7707 74
7708 128
7709 33
7710 68
7711 109
7712 53
7713 133
7714 97
7715 69
7716 190
7717 94
7718 128
7719 96
7720 34
7721 179
7722 77
7723 137
7724 103
7725 85
7726 143
7727 84
7728 132
7729 104
7730 123
7731 142
7732 110
7733 143
7734 103
7735 69
7736 141
7737 103
7738 140
7739 100
7740 115
7741 144
7742 81
7743 147
7744 97
7745 93
7746 141
7747 97
7748 71
7749 96
7750 54
7751 132
7752 104
7753 135
7754 97
7755 110
7756 135
7757 92
7758 85
7759 96
7760 70
7761 134
7762 98
7763 64
7764 163
7765 69
7766 66
7767 97
7768 79
7769 153
7770 101
7771 134
7772 104
7773 229
7774 142
7775 75
7776 141
7777 97
7778 120
7779 131
7780 74
7781 146
7782 96
7783 86
7784 67
7785 95
7786 149
7787 99
7788 77
7789 135
7790 97
7791 148
7792 100
7793 123
7794 140
7795 96
7796 149
7797 161
7798 87
7799 141
7800 24
7801 146
7802 193
7803 115
7804 138
7805 102
7806 86
7807 177
7808 2
7809 141
7810 99
7811 79
7812 155
7813 23
7814 142
7815 98
7816 54
7817 142
7818 22
7819 147
7820 99
7821 75
7822 143
7823 107
7824 142
7825 96
7826 78
7827 134
7828 96
7829 153
7830 103
7831 87
7832 164
7833 92
7834 144
7835 164
7836 117
7837 132
7838 98
7839 149
7840 156
7841 85
7842 139
7843 97
7844 144
7845 174
7846 76
7847 134
7848 96
7849 78
7850 150
7851 77
7852 133
7853 56
7854 77
7855 137
7856 90
7857 146
7858 96
7859 35
7860 165
7861 73
7862 133
7863 99
7864 95
7865 143
7866 99
7867 134
7868 108
7869 92
7870 140
7871 91
7872 78
7873 107
7874 77
7875 143
7876 21
7877 77
7878 47
7879 78
7880 128
7881 96
7882 133
7883 154
7884 96
7885 137
7886 99
7887 77
7888 151
7889 5
7890 130
7891 96
7892 76
7893 150
7894 18
7895 139
7896 99
7897 77
7898 143
7899 66
7900 75
7901 98
7902 204
7903 142
7904 20
7905 145
7906 38
7907 6
7908 133
7909 84
7910 95
7911 184
7912 76
7913 134
7914 108
7915 60
7916 101
7917 116
7918 137
7919 97
7920 93
7921 172
7922 74
7923 142
7924 18
7925 64
7926 150
7927 93
7928 133
7929 107
7930 93
7931 151
7932 86
7933 95
7934 100
7935 46
7936 134
7937 18
7938 141
7939 97
7940 73
7941 133
7942 97
7943 128
7944 102
7945 90
7946 140
7947 98
7948 162
7949 111
7950 79
7951 147
7952 66
7953 61
7954 162
7955 97
7956 144
7957 96
7958 157
7959 107
7960 102
7961 129
7962 105
7963 79
7964 106
7965 88
7966 73
7967 104
7968 166
7969 107
7970 81
7971 135
7972 97
7973 93
7974 110
7975 15
7976 138
7977 102
7978 94
7979 128
7980 24
7981 72
7982 103
7983 77
7984 157
7985 70
7986 140
7987 118
7988 218
7989 132
7990 100
7991 160
7992 97
7993 71
7994 141
7995 97
7996 144
7997 182
7998 66
7999 144
8000 87
8001 94
8002 148
8003 95
8004 131
8005 80
8006 95
8007 162
8008 80
8009 136
8010 104
8011 135
8012 105
8013 71
8014 135
8015 109
8016 93
8017 159
8018 70
8019 136
8020 83
8021 214
8022 146
8023 28
8024 129
8025 103
8026 124
8027 129
8028 52
8029 142
8030 108
8031 82
8032 146
8033 81
8034 135
8035 177
8036 67
8037 129
8038 86
8039 67
8040 170
8041 68
8042 136
8043 96
8044 131
8045 146
8046 65
8047 147
8048 97
8049 69
8050 145
8051 68
8052 134
8053 33
8054 64
8055 146
8056 67
8057 131
8058 107
8059 69
8060 131
8061 31
8062 130
8063 164
8064 48
8065 146
8066 81
8067 147
8068 107
8069 65
8070 166
8071 50
8072 146
8073 112
8074 68
8075 146
8076 67
8077 139
8078 167
8079 83
8080 131
8081 82
8082 69
8083 110
8084 70
8085 138
8086 26
8087 70
8088 105
8089 26
8090 137
8091 17
8092 65
8093 39
8094 80
8095 130
8096 81
8097 64
8098 146
8099 81
8100 131
8101 111
8102 67
8103 153
8104 88
8105 138
8106 26
8107 48
8108 146
8109 16
8110 155
8111 103
8112 67
8113 133
8114 29
8115 152
8116 188
8117 70
8118 156
8119 81
8120 64
8121 165
8122 69
8123 133
8124 84
8125 87
8126 174
8127 68
8128 152
8129 33
8130 48
8131 156
8132 89
8133 131
8134 82
8135 81
8136 133
8137 80
8138 152
8139 96
8140 216
8141 134
8142 81
8143 86
8144 34
8145 69
8146 145
8147 25
8148 152
8149 195
8150 68
8151 138
8152 83
8153 137
8154 97
8155 87
8156 131
8157 19
8158 87
8159 100
8160 84
8161 146
8162 81
8163 135
8164 175
8165 81
8166 141
8167 82
8168 67
8169 172
8170 78
8171 138
8172 89
8173 80
8174 154
8175 81
8176 139
8177 88
8178 71
8179 149
8180 25
8181 132
8182 41
8183 90
8184 142
8185 87
8186 133
8187 99
8188 81
8189 135
8190 86
8191 81
8192 95
8193 80
8194 67
8195 24
8196 131
8197 101
8198 81
8199 155
8200 34
8201 140
8202 112
8203 42
8204 132
8205 91
8206 170
8207 44
8208 81
8209 68
8210 92
8211 132
8212 100
8213 82
8214 132
8215 98
8216 168
8217 115
8218 85
8219 135
8220 103
8221 87
8222 155
8223 90
8224 134
8225 100
8226 80
8227 142
8228 77
8229 133
8230 113
8231 209
8232 153
8233 21
8234 95
8235 112
8236 76
8237 152
8238 89
8239 149
8240 40
8241 223
8242 137
8243 23
8244 85
8245 166
8246 82
8247 138
8248 4
8249 88
8250 44
8251 91
8252 62
8253 90
8254 91
8255 174
8256 88
8257 136
8258 45
8259 160
8260 154
8261 85
8262 160
8263 101
8264 189
8265 153
8266 17
8267 136
8268 89
8269 82
8270 134
8271 81
8272 133
8273 115
8274 73
8275 145
8276 21
8277 142
8278 180
8279 88
8280 136
8281 91
8282 155
8283 101
8284 77
8285 151
8286 94
8287 146
8288 170
8289 76
8290 140
8291 93
8292 86
8293 177
8294 83
8295 129
8296 44
8297 167
8298 147
8299 86
8300 142
8301 108
8302 88
8303 148
8304 22
8305 135
8306 40
8307 89
8308 149
8309 21
8310 95
8311 96
8312 78
8313 171
8314 81
8315 133
8316 198
8317 77
8318 151
8319 15
8320 142
8321 180
8322 76
8323 138
8324 18
8325 88
8326 163
8327 73
8328 135
8329 82
8330 95
8331 45
8332 76
8333 134
8334 83
8335 88
8336 165
8337 89
8338 149
8339 101
8340 93
8341 149
8342 80
8343 93
8344 89
8345 88
8346 148
8347 81
8348 141
8349 198
8350 87
8351 149
8352 25
8353 146
8354 116
8355 74
8356 128
8357 77
8358 133
8359 163
8360 67
8361 129
8362 21
8363 138
8364 108
8365 90
8366 136
8367 85
8368 92
8369 189
8370 87
8371 131
8372 86
8373 161
8374 195
8375 80
8376 130
8377 30
8378 88
8379 179
8380 87
8381 133
8382 19
8383 83
8384 131
8385 64
8386 134
8387 118
8388 80
8389 130
8390 30
8391 151
8392 101
8393 81
8394 178
8395 68
8396 134
8397 108
8398 84
8399 128
8400 87
8401 90
8402 161
8403 87
8404 149
8405 82
8406 91
8407 131
8408 80
8409 128
8410 87
8411 82
8412 189
8413 85
8414 51
8415 27
8416 130
8417 110
8418 101
8419 144
8420 98
8421 82
8422 154
8423 24
8424 137
8425 86
8426 148
8427 145
8428 66
8429 136
8430 120
8431 94
8432 128
8433 28
8434 131
8435 113
8436 85
8437 147
8438 29
8439 85
8440 106
8441 68
8442 130
8443 28
8444 137
8445 38
8446 89
8447 131
8448 29
8449 144
8450 118
8451 94
8452 48
8453 8
8454 129
8455 175
8456 83
8457 131
8458 21
8459 81
8460 122
8461 82
8462 134
8463 85
8464 80
8465 167
8466 65
8467 145
8468 66
8469 81
8470 143
8471 66
8472 85
8473 112
8474 80
8475 156
8476 71
8477 86
8478 200
8479 85
8480 133
8481 82
8482 156
8483 170
8484 70
8485 130
8486 39
8487 82
8488 171
8489 65
8490 145
8491 29
8492 69
8493 98
8494 66
8495 134
8496 104
8497 68
8498 167
8499 65
8500 141
8501 34
8502 85
8503 170
8504 82
8505 81
8506 16
8507 84
8508 142
8509 67
8510 131
8511 31
8512 83
8513 143
8514 82
8515 81
8516 20
8517 86
8518 148
8519 28
8520 80
8521 105
8522 71
8523 141
8524 86
8525 81
8526 108
8527 66
8528 140
8529 12
8530 80
8531 179
8532 67
8533 129
8534 99
8535 81
8536 166
8537 66
8538 128
8539 104
8540 84
8541 142
8542 41
8543 86
8544 101
8545 83
8546 174
8547 64
8548 142
8549 20
8550 82
8551 177
8552 73
8553 80
8554 99
8555 71
8556 143
8557 88
8558 87
8559 124
8560 80
8561 140
8562 71
8563 82
8564 123
8565 69
8566 157
8567 92
8568 130
8569 43
8570 70
8571 132
8572 20
8573 147
8574 46
8575 77
8576 139
8577 29
8578 83
8579 166
8580 88
8581 132
8582 18
8583 86
8584 165
8585 71
8586 141
8587 94
8588 85
8589 133
8590 64
8591 93
8592 41
8593 92
8594 142
8595 18
8596 143
8597 97
8598 87
8599 141
8600 21
8601 134
8602 184
8603 84
8604 142
8605 16
8606 86
8607 194
8608 93
8609 137
8610 88
8611 81
8612 186
8613 64
8614 136
8615 96
8616 94
8617 40
8618 79
8619 135
8620 19
8621 81
8622 137
8623 74
8624 140
8625 79
8626 82
8627 136
8628 89
8629 143
8630 40
8631 93
8632 139
8633 68
8634 95
8635 77
8636 82
8637 136
8638 89
8639 131
8640 3
8641 81
8642 137
8643 51
8644 87
8645 41
8646 90
8647 138
8648 18
8649 94
8650 173
8651 87
8652 133
8653 70
8654 91
8655 120
8656 99
8657 134
8658 16
8659 90
8660 181
8661 71
8662 131
8663 3
8664 85
8665 118
8666 74
8667 134
8668 71
8669 90
8670 142
8671 65
8672 92
8673 92
8674 89
8675 174
8676 64
8677 95
8678 47
8679 72
8680 138
8681 75
8682 90
8683 44
8684 89
8685 149
8686 21
8687 144
8688 197
8689 86
8690 138
8691 26
8692 90
8693 163
8694 73
8695 143
8696 7
8697 89
8698 180
8699 84
8700 144
8701 16
8702 82
8703 181
8704 43
8705 139
8706 5
8707 77
8708 180
8709 70
8710 95
8711 18
8712 90
8713 165
8714 43
8715 135
8716 119
8717 85
8718 135
8719 78
8720 89
8721 6
8722 55
8723 181
8724 73
8725 94
8726 183
8727 89
8728 139
8729 31
8730 128
8731 39
8732 78
8733 134
8734 26
8735 88
8736 183
8737 47
8738 94
8739 72
8740 93
8741 180
8742 40
8743 128
8744 10
8745 76
8746 44
8747 75
8748 94
8749 21
8750 89
8751 133
8752 66
8753 128
8754 16
8755 72
8756 132
8757 73
8758 94
8759 9
8760 87
8761 129
8762 74
8763 83
8764 180
8765 92
8766 128
8767 26
8768 131
8769 32
8770 73
8771 131
8772 31
8773 93
8774 160
8775 74
8776 140
8777 71
8778 88
8779 175
8780 85
8781 53
8782 19
8783 89
8784 174
8785 64
8786 146
8787 10
8788 147
8789 128
8790 75
8791 133
8792 64
8793 93
8794 166
8795 70
8796 89
8797 14
8798 86
8799 36
8800 65
8801 131
8802 70
8803 85
8804 129
8805 68
8806 136
8807 160
8808 80
8809 128
8810 18
8811 131
8812 161
8813 79
8814 129
8815 25
8816 91
8817 10
8818 68
8819 128
8820 30
8821 86
8822 167
8823 77
8824 131
8825 27
8826 171
8827 135
8828 64
8829 150
8830 8
8831 70
8832 161
8833 65
8834 39
8835 13
8836 175
8837 178
8838 64
8839 130
8840 67
8841 82
8842 130
8843 26
8844 168
8845 34
8846 87
8847 129
8848 64
8849 138
8850 170
8851 74
8852 128
8853 37
8854 143
8855 34
8856 81
8857 131
8858 66
8859 136
8860 195
8861 64
8862 150
8863 24
8864 139
8865 194
8866 65
8867 129
8868 17
8869 83
8870 166
8871 63
8872 130
8873 65
8874 82
8875 134
8876 67
8877 141
8878 115
8879 81
8880 182
8881 64
8882 85
8883 79
8884 80
8885 130
8886 65
8887 139
8888 13
8889 69
8890 135
8891 68
8892 85
8893 67
8894 66
8895 134
8896 16
8897 84
8898 105
8899 67
8900 129
8901 70
8902 85
8903 6
8904 66
8905 132
8906 16
8907 68
8908 161
8909 67
8910 147
8911 19
8912 81
8913 143
8914 64
8915 140
8916 30
8917 66
8918 132
8919 67
8920 143
8921 64
8922 65
8923 168
8924 38
8925 138
8926 73
8927 66
8928 130
8929 67
8930 133
8931 105
8932 65
8933 133
8934 3
8935 85
8936 168
8937 32
8938 62
8939 18
8940 139
8941 36
8942 35
8943 41
8944 66
8945 67
8946 186
8947 74
8948 132
8949 20
8950 80
8951 165
8952 67
8953 131
8954 19
8955 65
8956 176
8957 66
8958 136
8959 77
8960 157
8961 128
8962 65
8963 155
8964 21
8965 69
8966 162
8967 66
8968 128
8969 75
8970 66
8971 142
8972 67
8973 147
8974 21
8975 83
8976 133
8977 78
8978 132
8979 6
8980 70
8981 146
8982 65
8983 47
8984 179
8985 67
8986 139
8987 74
8988 85
8989 162
8990 70
8991 132
8992 10
8993 88
8994 142
8995 71
8996 147
8997 7
8998 65
8999 10
9000 66
9001 134
9002 16
9003 182
9004 163
9005 67
9006 129
9007 72
9008 67
9009 141
9010 42
9011 154
9012 65
9013 64
9014 48
9015 67
9016 141
9017 40
9018 79
9019 139
9020 76
9021 134
9022 176
9023 72
9024 50
9025 6
9026 94
9027 140
9028 43
9029 149
9030 23
9031 163
9032 63
9033 66
9034 152
9035 77
9036 166
9037 175
9038 71
9039 133
9040 23
9041 69
9042 133
9043 66
9044 136
9045 79
9046 80
9047 179
9048 73
9049 135
9050 21
9051 69
9052 149
9053 44
9054 128
9055 73
9056 90
9057 142
9058 41
9059 147
9060 60
9061 93
9062 133
9063 72
9064 134
9065 172
9066 66
9067 138
9068 10
9069 155
9070 163
9071 77
9072 135
9073 5
9074 79
9075 59
9076 68
9077 134
9078 73
9079 90
9080 165
9081 67
9082 133
9083 78
9084 163
9085 63
9086 64
9087 167
9088 10
9089 76
9090 62
9091 69
9092 143
9093 74
9094 73
9095 59
9096 68
9097 130
9098 4
9099 74
9100 134
9101 67
9102 137
9103 7
9104 65
9105 147
9106 68
9107 144
9108 178
9109 72
9110 136
9111 69
9112 141
9113 177
9114 73
9115 145
9116 68
9117 93
9118 193
9119 72
9120 144
9121 22
9122 74
9123 148
9124 71
9125 155
9126 25
9127 71
9128 166
9129 68
9130 142
9131 79
9132 184
9133 136
9134 69
9135 76
9136 27
9137 75
9138 149
9139 64
9140 132
9141 67
9142 94
9143 136
9144 71
9145 133
9146 27
9147 77
9148 145
9149 64
9150 165
9151 160
9152 76
9153 54
9154 71
9155 78
9156 150
9157 39
9158 149
9159 70
9160 146
9161 63
9162 76
9163 142
9164 39
9165 74
9166 163
9167 79
9168 131
9169 9
9170 79
9171 172
9172 78
9173 148
9174 14
9175 78
9176 50
9177 12
9178 131
9179 44
9180 73
9181 151
9182 76
9183 128
9184 24
9185 70
9186 128
9187 33
9188 147
9189 48
9190 67
9191 137
9192 27
9193 146
9194 157
9195 70
9196 150
9197 10
9198 68
9199 177
9200 71
9201 149
9202 15
9203 65
9204 151
9205 70
9206 146
9207 26
9208 66
9209 50
9210 67
9211 131
9212 31
9213 69
9214 14
9215 70
9216 132
9217 207
9218 115
9219 56
9220 8
9221 131
9222 31
9223 69
9224 49
9225 86
9226 136
9227 49
9228 70
9229 50
9230 77
9231 129
9232 54
9233 75
9234 135
9235 7
9236 73
9237 55
9238 68
9239 148
9240 12
9241 70
9242 175
9243 67
9244 151
9245 68
9246 85
9247 49
9248 64
9249 128
9250 193
9251 72
9252 134
9253 79
9254 137
9255 68
9256 69
9257 153
9258 13
9259 136
9260 170
9261 64
9262 50
9263 12
9264 137
9265 128
9266 65
9267 59
9268 82
9269 71
9270 182
9271 70
9272 144
9273 10
9274 84
9275 171
9276 67
9277 141
9278 29
9279 140
9280 164
9281 64
9282 134
9283 37
9284 68
9285 134
9286 67
9287 139
9288 76
9289 65
9290 160
9291 68
9292 128
9293 4
9294 64
9295 144
9296 69
9297 141
9298 200
9299 65
9300 159
9301 11
9302 69
9303 201
9304 66
9305 148
9306 71
9307 70
9308 177
9309 75
9310 159
9311 9
9312 65
9313 6
9314 68
9315 156
9316 2
9317 64
9318 15
9319 65
9320 162
9321 78
9322 75
9323 53
9324 68
9325 142
9326 18
9327 64
9328 163
9329 65
9330 157
9331 111
9332 65
9333 53
9334 72
9335 158
9336 6
9337 66
9338 154
9339 10
9340 157
9341 90
9342 67
9343 153
9344 66
9345 142
9346 6
9347 64
9348 128
9349 53
9350 72
9351 165
9352 67
9353 59
9354 3
9355 65
9356 170
9357 74
9358 56
9359 73
9360 64
9361 171
9362 69
9363 147
9364 86
9365 69
9366 4
9367 94
9368 146
9369 26
9370 64
9371 142
9372 71
9373 141
9374 88
9375 71
9376 155
9377 64
9378 130
9379 182
9380 66
9381 167
9382 65
9383 64
9384 185
9385 67
9386 166
9387 72
9388 65
9389 73
9390 64
9391 165
9392 73
9393 68
9394 46
9395 65
9396 51
9397 44
9398 128
9399 45
9400 72
9401 142
9402 73
9403 74
9404 40
9405 73
9406 131
9407 64
9408 69
9409 129
9410 74
9411 140
9412 45
9413 66
9414 60
9415 73
9416 153
9417 1
9418 67
9419 63
9420 64
9421 132
9422 178
9423 74
9424 140
9425 77
9426 135
9427 198
9428 73
9429 153
9430 72
9431 136
9432 176
9433 72
9434 152
9435 77
9436 157
9437 167
9438 69
9439 141
9440 13
9441 67
9442 61
9443 66
9444 136
9445 75
9446 66
9447 62
9448 67
9449 159
9450 5
9451 77
9452 166
9453 76
9454 144
9455 20
9456 64
9457 58
9458 69
9459 147
9460 23
9461 69
9462 57
9463 68
9464 132
9465 2
9466 78
9467 142
9468 73
9469 78
9470 74
9471 73
9472 61
9473 74
9474 69
9475 45
9476 70
9477 148
9478 75
9479 170
9480 181
9481 75
9482 143
9483 72
9484 73
9485 178
9486 64
9487 128
9488 85
9489 70
9490 128
9491 77
9492 131
9493 11
9494 73
9495 141
9496 70
9497 140
9498 28
9499 72
9500 54
9501 57
9502 135
9503 88
9504 75
9505 51
9506 68
9507 77
9508 22
9509 72
9510 163
9511 57
9512 78
9513 88
9514 71
9515 141
9516 74
9517 73
9518 91
9519 68
9520 165
9521 2
9522 72
9523 42
9524 69
9525 149
9526 25
9527 73
9528 22
9529 70
9530 144
9531 2
9532 72
9533 146
9534 69
9535 141
9536 80
9537 65
9538 51
9539 72
9540 128
9541 2
9542 70
9543 60
9544 6
9545 133
9546 15
9547 69
9548 133
9549 74
9550 77
9551 87
9552 68
9553 36
9554 73
9555 72
9556 181
9557 73
9558 131
9559 66
9560 77
9561 8
9562 68
9563 48
9564 81
9565 76
9566 148
9567 69
9568 131
9569 25
9570 71
9571 26
9572 78
9573 146
9574 81
9575 162
9576 177
9577 73
9578 133
9579 25
9580 77
9581 26
9582 70
9583 136
9584 81
9585 76
9586 130
9587 79
9588 76
9589 29
9590 69
9591 37
9592 72
9593 38
9594 26
9595 64
9596 36
9597 71
9598 78
9599 82
9600 71
9601 33
9602 48
9603 65
9604 39
9605 68
9606 132
9607 26
9608 72
9609 84
9610 83
9611 35
9612 31
9613 69
9614 28
9615 68
9616 34
9617 24
9618 68
9619 36
9620 69
9621 141
9622 27
9623 73
9624 147
9625 66
9626 138
9627 24
9628 66
9629 52
9630 69
9631 139
9632 82
9633 67
9634 153
9635 70
9636 148
9637 85
9638 72
9639 52
9640 81
9641 74
9642 38
9643 71
9644 133
9645 11
9646 65
9647 39
9648 74
9649 134
9650 10
9651 66
9652 86
9653 126
9654 135
9655 82
9656 75
9657 39
9658 68
9659 36
9660 81
9661 64
9662 38
9663 65
9664 135
9665 54
9666 71
9667 35
9668 66
9669 32
9670 4
9671 70
9672 34
9673 81
9674 133
9675 84
9676 65
9677 143
9678 80
9679 156
9680 51
9681 64
9682 36
9683 83
9684 66
9685 36
9686 73
9687 129
9688 80
9689 154
9690 37
9691 64
9692 132
9693 49
9694 64
9695 36
9696 65
9697 139
9698 80
9699 65
9700 39
9701 64
9702 146
9703 83
9704 66
9705 38
9706 65
9707 157
9708 82
9709 65
9710 45
9711 9
9712 132
9713 81
9714 66
9715 150
9716 67
9717 137
9718 7
9719 67
9720 47
9721 64
9722 140
9723 95
9724 76
9725 46
9726 81
9727 129
9728 38
9729 65
9730 41
9731 23
9732 67
9733 55
9734 66
9735 44
9736 4
9737 70
9738 42
9739 65
9740 131
9741 5
9742 69
9743 33
9744 64
9745 146
9746 37
9747 151
9748 154
9749 67
9750 131
9751 90
9752 77
9753 35
9754 64
9755 130
9756 6
9757 68
9758 56
9759 14
9760 135
9761 80
9762 75
9763 45
9764 66
9765 128
9766 35
9767 72
9768 46
9769 67
9770 141
9771 36
9772 73
9773 47
9774 84
9775 138
9776 41
9777 64
9778 40
9779 89
9780 139
9781 44
9782 67
9783 45
9784 82
9785 77
9786 41
9787 68
9788 138
9789 93
9790 182
9791 36
9792 79
9793 145
9794 82
9795 75
9796 43
9797 74
9798 134
9799 85
9800 72
9801 40
9802 77
9803 133
9804 62
9805 95
9806 43
9807 78
9808 140
9809 41
9810 70
9811 46
9812 47
9813 162
9814 13
9815 69
9816 133
9817 82
9818 130
9819 41
9820 74
9821 148
9822 89
9823 164
9824 42
9825 67
9826 139
9827 72
9828 77
9829 43
9830 72
9831 138
9832 83
9833 76
9834 44
9835 73
9836 129
9837 31
9838 65
9839 43
9840 78
9841 132
9842 33
9843 74
9844 128
9845 75
9846 149
9847 36
9848 77
9849 33
9850 74
9851 138
9852 85
9853 78
9854 132
9855 81
9856 164
9857 56
9858 79
9859 133
9860 80
9861 77
9862 16
9863 72
9864 132
9865 43
9866 78
9867 62
9868 75
9869 133
9870 42
9871 93
9872 47
9873 74
9874 34
9875 81
9876 74
9877 36
9878 65
9879 139
9880 46
9881 77
9882 35
9883 76
9884 140
9885 43
9886 90
9887 132
9888 57
9889 139
9890 34
9891 79
9892 135
9893 70
9894 132
9895 39
9896 72
9897 128
9898 2
9899 109
9900 32
9901 69
9902 149
9903 42
9904 73
9905 53
9906 72
9907 128
9908 47
9909 72
9910 84
9911 73
9912 147
9913 84
9914 73
9915 45
9916 70
9917 132
9918 39
9919 74
9920 32
9921 71
9922 141
9923 27
9924 73
9925 35
9926 82
9927 100
9928 33
9929 68
9930 44
9931 71
9932 74
9933 34
9934 87
9935 129
9936 84
9937 75
9938 30
9939 70
9940 128
9941 12
9942 76
9943 27
9944 75
9945 143
9946 80
9947 161
9948 51
9949 70
9950 132
9951 67
9952 90
9953 154
9954 83
9955 147
9956 34
9957 95
9958 30
9959 74
9960 134
9961 83
9962 86
9963 36
9964 81
9965 135
9966 25
9967 85
9968 131
9969 68
9970 146
9971 30
9972 82
9973 34
9974 79
9975 139
9976 31
9977 69
9978 47
9979 82
9980 169
9981 37
9982 80
9983 38
9984 35
9985 88
9986 11
9987 67
9988 39
9989 36
9990 116
9991 41
9992 68
9993 130
9994 85
9995 70
9996 32
9997 71
9998 129
9999 80
10000 89
10001 28
10002 64
10003 142
10004 16
10005 86
10006 34
10007 67
10008 145
10009 25
10010 83
10011 35
10012 64
10013 152
10014 24
10015 70
10016 32
10017 81
10018 131
10019 36
10020 83
10021 143
10022 48
10023 156
10024 30
10025 70
10026 148
10027 28
10028 84
10029 34
10030 65
10031 145
10032 27
10033 140
10034 35
10035 80
10036 138
10037 37
10038 86
10039 142
10040 81
10041 145
10042 31
10043 81
10044 33
10045 66
10046 146
10047 89
10048 70
10049 146
10050 69
10051 131
10052 38
10053 81
10054 37
10055 11
10056 144
10057 55
10058 66
10059 134
10060 51
10061 141
10062 34
10063 81
10064 141
10065 13
10066 98
10067 20
10068 66
10069 134
10070 65
10071 84
10072 34
10073 65
10074 133
10075 38
10076 71
10077 39
10078 64
10079 150
10080 33
10081 80
10082 34
10083 65
10084 145
10085 88
10086 83
10087 35
10088 64
10089 144
10090 53
10091 86
10092 36
10093 65
10094 159
10095 23
10096 75
10097 39
10098 64
10099 156
10100 35
10101 64
10102 56
10103 69
10104 129
10105 17
10106 65
10107 43
10108 68
10109 152
10110 33
10111 66
10112 144
10113 39
10114 80
10115 38
10116 65
10117 131
10118 36
10119 81
10120 33
10121 66
10122 140
10123 35
10124 66
10125 44
10126 81
10127 133
10128 44
10129 65
10130 37
10131 76
10132 144
10133 16
10134 84
10135 130
10136 65
10137 149
10138 17
10139 67
10140 45
10141 64
10142 128
10143 39
10144 64
10145 150
10146 79
10147 174
10148 44
10149 89
10150 141
10151 40
10152 85
10153 45
10154 64
10155 42
10156 16
10157 90
10158 36
10159 67
10160 43
10161 88
10162 104
10163 41
10164 64
10165 148
10166 45
10167 80
10168 42
10169 81
10170 135
10171 40
10172 65
10173 43
10174 66
10175 130
10176 47
10177 70
10178 36
10179 73
10180 139
10181 40
10182 87
10183 41
10184 88
10185 163
10186 83
10187 88
10188 60
10189 67
10190 107
10191 17
10192 89
10193 135
10194 78
10195 171
10196 43
10197 66
10198 44
10199 83
10200 176
10201 32
10202 75
10203 131
10204 17
10205 91
10206 45
10207 74
10208 132
10209 89
10210 84
10211 42
10212 75
10213 153
10214 40
10215 83
10216 41
10217 74
10218 142
10219 41
10220 80
10221 36
10222 73
10223 153
10224 40
10225 85
10226 149
10227 72
10228 136
10229 24
10230 68
10231 46
10232 71
10233 141
10234 34
10235 79
10236 135
10237 74
10238 89
10239 47
10240 74
10241 146
10242 71
10243 107
10244 40
10245 65
10246 129
10247 19
10248 67
10249 41
10250 70
10251 136
10252 75
10253 78
10254 21
10255 22
10256 137
10257 42
10258 89
10259 39
10260 19
10261 130
10262 45
10263 76
10264 42
10265 65
10266 159
10267 25
10268 75
10269 137
10270 74
10271 154
10272 26
10273 78
10274 132
10275 30
10276 155
10277 40
10278 79
10279 129
10280 62
10281 89
10282 26
10283 68
10284 134
10285 93
10286 90
10287 19
10288 41
10289 147
10290 42
10291 89
10292 37
10293 68
10294 136
10295 24
10296 88
10297 29
10298 79
10299 133
10300 90
10301 75
10302 43
10303 46
10304 144
10305 47
10306 78
10307 42
10308 69
10309 135
10310 40
10311 69
10312 151
10313 17
10314 89
10315 41
10316 74
10317 40
10318 43
10319 168
10320 40
10321 85
10322 145
10323 70
10324 177
10325 37
10326 78
10327 128
10328 24
10329 90
10330 36
10331 73
10332 133
10333 27
10334 93
10335 37
10336 68
10337 163
10338 28
10339 84
10340 38
10341 83
10342 141
10343 29
10344 95
10345 133
10346 25
10347 165
10348 28
10349 86
10350 34
10351 69
10352 149
10353 25
10354 81
10355 37
10356 64
10357 96
10358 20
10359 68
10360 138
10361 87
10362 166
10363 21
10364 71
10365 145
10366 25
10367 81
10368 33
10369 68
10370 128
10371 55
10372 80
10373 34
10374 85
10375 135
10376 21
10377 85
10378 43
10379 82
10380 142
10381 22
10382 97
10383 32
10384 67
10385 162
10386 86
10387 83
10388 131
10389 64
10390 142
10391 33
10392 80
10393 128
10394 67
10395 103
10396 29
10397 85
10398 141
10399 82
10400 169
10401 33
10402 70
10403 128
10404 26
10405 92
10406 36
10407 65
10408 35
10409 68
10410 87
10411 35
10412 64
10413 128
10414 69
10415 80
10416 32
10417 67
10418 160
10419 25
10420 95
10421 35
10422 68
10423 140
10424 26
10425 84
10426 36
10427 65
10428 131
10429 86
10430 81
10431 145
10432 25
10433 165
10434 33
10435 80
10436 36
10437 24
10438 129
10439 29
10440 87
10441 137
10442 68
10443 81
10444 35
10445 66
10446 136
10447 89
10448 84
10449 165
10450 69
10451 141
10452 36
10453 95
10454 33
10455 64
10456 140
10457 79
10458 78
10459 44
10460 71
10461 145
10462 86
10463 85
10464 33
10465 64
10466 128
10467 22
10468 80
10469 36
10470 39
10471 151
10472 38
10473 87
10474 145
10475 80
10476 169
10477 37
10478 80
10479 32
10480 37
10481 160
10482 36
10483 65
10484 147
10485 38
10486 167
10487 35
10488 64
10489 132
10490 28
10491 160
10492 54
10493 24
10494 141
10495 29
10496 71
10497 35
10498 70
10499 144
10500 47
10501 80
10502 134
10503 26
10504 135
10505 191
10506 106
10507 145
10508 66
10509 150
10510 159
10511 84
10512 46
10513 75
10514 147
10515 177
10516 69
10517 61
10518 19
10519 158
10520 37
10521 72
10522 132
10523 89
10524 162
10525 38
10526 77
10527 147
10528 64
10529 81
10530 51
10531 66
10532 140
10533 65
10534 172
10535 38
10536 28
10537 147
10538 36
10539 81
10540 45
10541 64
10542 138
10543 95
10544 82
10545 44
10546 18
10547 129
10548 32
10549 95
10550 61
10551 74
10552 132
10553 22
10554 84
10555 44
10556 73
10557 107
10558 42
10559 71
10560 45
10561 64
10562 167
10563 43
10564 72
10565 140
10566 79
10567 166
10568 44
10569 89
10570 131
10571 72
10572 165
10573 43
10574 66
10575 142
10576 75
10577 180
10578 58
10579 67
10580 141
10581 46
10582 77
10583 45
10584 66
10585 132
10586 16
10587 88
10588 62
10589 4
10590 153
10591 191
10592 77
10593 43
10594 76
10595 148
10596 16
10597 90
10598 36
10599 71
10600 157
10601 78
10602 77
10603 45
10604 82
10605 169
10606 47
10607 68
10608 46
10609 16
10610 168
10611 40
10612 65
10613 61
10614 44
10615 177
10616 63
10617 78
10618 134
10619 79
10620 160
10621 48
10622 65
10623 145
10624 40
10625 81
10626 37
10627 64
10628 136
10629 41
10630 78
10631 158
10632 35
10633 145
10634 42
10635 79
10636 57
10637 72
10638 169
10639 59
10640 66
10641 150
10642 33
10643 141
10644 42
10645 75
10646 145
10647 74
10648 171
10649 47
10650 72
10651 144
10652 89
10653 119
10654 42
10655 67
10656 133
10657 76
10658 98
10659 20
10660 70
10661 146
10662 30
10663 80
10664 144
10665 77
10666 133
10667 46
10668 189
10669 47
10670 66
10671 134
10672 75
10673 190
10674 50
10675 65
10676 133
10677 32
10678 73
10679 59
10680 72
10681 161
10682 47
10683 74
10684 50
10685 75
10686 162
10687 46
10688 71
10689 139
10690 23
10691 150
10692 37
10693 72
10694 50
10695 67
10696 170
10697 52
10698 65
10699 49
10700 44
10701 100
10702 63
10703 72
10704 134
10705 67
10706 119
10707 50
10708 73
10709 129
10710 68
10711 79
10712 51
10713 19
10714 136
10715 81
10716 94
10717 48
10718 73
10719 135
10720 42
10721 75
10722 51
10723 64
10724 167
10725 55
10726 64
10727 136
10728 65
10729 119
10730 42
10731 73
10732 131
10733 46
10734 130
10735 39
10736 64
10737 52
10738 24
10739 97
10740 54
10741 73
10742 147
10743 64
10744 102
10745 45
10746 66
10747 128
10748 28
10749 101
10750 48
10751 65
10752 131
10753 29
10754 177
10755 37
10756 74
10757 140
10758 45
10759 68
10760 148
10761 65
10762 143
10763 31
10764 71
10765 49
10766 70
10767 138
10768 49
10769 74
10770 128
10771 69
10772 162
10773 29
10774 71
10775 139
10776 70
10777 118
10778 37
10779 68
10780 48
10781 67
10782 166
10783 48
10784 65
10785 49
10786 32
10787 108
10788 35
10789 64
10790 136
10791 55
10792 107
10793 34
10794 67
10795 151
10796 52
10797 85
10798 49
10799 31
10800 167
10801 39
10802 68
10803 146
10804 69
10805 131
10806 128
10807 65
10808 61
10809 80
10810 165
10811 59
10812 86
10813 52
10814 65
10815 111
10816 38
10817 67
10818 133
10819 36
10820 173
10821 49
10822 64
10823 136
10824 37
10825 111
10826 58
10827 65
10828 135
10829 42
10830 71
10831 55
10832 64
10833 142
10834 55
10835 166
10836 32
10837 71
10838 131
10839 50
10840 67
10841 49
10842 66
10843 130
10844 28
10845 66
10846 38
10847 71
10848 131
10849 36
10850 67
10851 55
10852 68
10853 148
10854 49
10855 86
10856 54
10857 69
10858 153
10859 36
10860 65
10861 131
10862 76
10863 163
10864 37
10865 70
10866 138
10867 67
10868 109
10869 52
10870 75
10871 139
10872 78
10873 98
10874 55
10875 64
10876 136
10877 69
10878 66
10879 62
10880 69
10881 137
10882 192
10883 85
10884 53
10885 64
10886 142
10887 79
10888 68
10889 56
10890 65
10891 109
10892 54
10893 69
10894 153
10895 68
10896 140
10897 53
10898 86
10899 60
10900 73
10901 107
10902 50
10903 67
10904 149
10905 68
10906 165
10907 51
10908 70
10909 54
10910 69
10911 86
10912 56
10913 65
10914 133
10915 92
10916 193
10917 53
10918 68
10919 132
10920 77
10921 172
10922 23
10923 85
10924 137
10925 42
10926 73
10927 47
10928 76
10929 140
10930 95
10931 70
10932 42
10933 22
10934 141
10935 62
10936 71
10937 147
10938 76
10939 165
10940 37
10941 66
10942 56
10943 69
10944 159
10945 36
10946 69
10947 57
10948 92
10949 106
10950 39
10951 68
10952 58
10953 30
10954 68
10955 58
10956 67
10957 133
10958 94
10959 106
10960 45
10961 74
10962 132
10963 79
10964 194
10965 44
10966 73
10967 135
10968 183
10969 65
10970 53
10971 11
10972 134
10973 93
10974 66
10975 134
10976 77
10977 131
10978 60
10979 73
10980 57
10981 56
10982 104
10983 41
10984 80
10985 60
10986 69
10987 107
10988 56
10989 67
10990 135
10991 72
10992 158
10993 43
10994 74
10995 132
10996 79
10997 70
10998 56
10999 65
11000 133
11001 60
11002 193
11003 45
11004 66
11005 132
11006 49
11007 70
11008 60
11009 77
11010 129
11011 94
11012 77
11013 51
11014 72
11015 165
11016 37
11017 66
11018 62
11019 69
11020 139
11021 62
11022 69
11023 133
11024 70
11025 183
11026 151
11027 64
11028 146
11029 57
11030 107
11031 46
11032 71
11033 139
11034 80
11035 100
11036 43
11037 70
11038 150
11039 73
11040 99
11041 46
11042 73
11043 131
11044 58
11045 75
11046 57
11047 72
11048 128
11049 57
11050 66
11051 130
11052 75
11053 131
11054 163
11055 73
11056 137
11057 68
11058 167
11059 63
11060 74
11061 60
11062 12
11063 133
11064 144
11065 75
11066 129
11067 76
11068 167
11069 47
11070 70
11071 144
11072 41
11073 184
11074 52
11075 6
11076 147
11077 54
11078 73
11079 57
11080 68
11081 130
11082 87
11083 72
11084 40
11085 69
11086 151
11087 92
11088 75
11089 51
11090 19
11091 128
11092 61
11093 72
11094 56
11095 65
11096 147
11097 74
11098 102
11099 147
11100 68
11101 161
11102 43
11103 70
11104 52
11105 67
11106 143
11107 62
11108 73
11109 53
11110 76
11111 100
11112 53
11113 68
11114 134
11115 73
11116 162
11117 48
11118 73
11119 131
11120 72
11121 169
11122 57
11123 72
11124 128
11125 166
11126 168
11127 144
11128 67
11129 133
11130 82
11131 175
11132 147
11133 90
11134 140
11135 83
11136 74
11137 144
11138 73
11139 133
11140 50
11141 75
11142 37
11143 68
11144 100
11145 55
11146 82
11147 132
11148 73
11149 168
11150 161
11151 67
11152 129
11153 68
11154 128
11155 39
11156 64
11157 54
11158 67
11159 170
11160 48
11161 65
11162 129
11163 64
11164 173
11165 49
11166 66
11167 144
11168 51
11169 97
11170 48
11171 73
11172 129
11173 84
11174 100
11175 133
11176 76
11177 146
11178 61
11179 101
11180 80
11181 67
11182 129
11183 50
11184 73
11185 145
11186 74
11187 146
11188 49
11189 68
11190 150
11191 73
11192 139
11193 134
11194 65
11195 53
11196 66
11197 161
11198 51
11199 76
11200 134
11201 53
11202 131
11203 52
11204 65
11205 129
11206 88
11207 205
11208 53
11209 66
11210 134
11211 51
11212 180
11213 38
11214 69
11215 160
11216 192
11217 193
11218 137
11219 74
11220 138
11221 53
11222 111
11223 142
11224 10
11225 160
11226 80
11227 67
11228 33
11229 70
11230 136
11231 55
11232 70
11233 144
11234 83
11235 170
11236 50
11237 67
11238 137
11239 66
11240 156
11241 37
11242 66
11243 146
11244 49
11245 162
11246 38
11247 65
11248 145
11249 58
11250 116
11251 57
11252 27
11253 152
11254 33
11255 70
11256 52
11257 30
11258 153
11259 86
11260 81
11261 63
11262 11
11263 134
11264 39
11265 64
11266 54
11267 10
11268 155
11269 50
11270 104
11271 139
11272 76
11273 165
11274 49
11275 66
11276 132
11277 77
11278 172
11279 84
11280 69
11281 135
11282 68
11283 152
11284 35
11285 68
11286 148
11287 79
11288 170
11289 46
11290 65
11291 135
11292 88
11293 106
11294 147
11295 64
11296 152
11297 172
11298 109
11299 60
11300 69
11301 139
11302 58
11303 79
11304 95
11305 66
11306 165
11307 37
11308 105
11309 134
11310 51
11311 155
11312 56
11313 67
11314 145
11315 64
11316 156
11317 91
11318 68
11319 150
11320 89
11321 143
11322 56
11323 71
11324 45
11325 86
11326 161
11327 47
11328 64
11329 158
11330 63
11331 111
11332 132
11333 65
11334 133
11335 196
11336 161
11337 45
11338 13
11339 130
11340 61
11341 168
11342 56
11343 67
11344 151
11345 94
11346 73
11347 89
11348 64
11349 163
11350 45
11351 111
11352 161
11353 59
11354 160
11355 48
11356 89
11357 61
11358 70
11359 165
11360 45
11361 74
11362 40
11363 71
11364 174
11365 50
11366 69
11367 147
11368 62
11369 79
11370 61
11371 66
11372 130
11373 49
11374 162
11375 140
11376 67
11377 147
11378 88
11379 171
11380 61
11381 7
11382 138
11383 63
11384 166
11385 60
11386 2
11387 129
11388 78
11389 81
11390 63
11391 68
11392 138
11393 57
11394 90
11395 134
11396 83
11397 162
11398 56
11399 73
11400 141
11401 74
11402 130
11403 143
11404 9
11405 128
11406 57
11407 166
11408 88
11409 73
11410 149
11411 74
11412 183
11413 59
11414 3
11415 56
11416 79
11417 166
11418 56
11419 79
11420 129
11421 56
11422 207
11423 45
11424 3
11425 144
11426 57
11427 90
11428 56
11429 73
11430 143
11431 198
11432 89
11433 139
11434 72
11435 161
11436 53
11437 74
11438 132
11439 93
11440 153
11441 52
11442 89
11443 133
11444 78
11445 148
11446 141
11447 72
11448 130
11449 81
11450 166
11451 46
11452 73
11453 135
11454 78
11455 163
11456 51
11457 70
11458 148
11459 93
11460 88
11461 50
11462 69
11463 129
11464 50
11465 75
11466 143
11467 5
11468 148
11469 55
11470 119
11471 148
11472 8
11473 157
11474 90
11475 81
11476 149
11477 80
11478 130
11479 133
11480 86
11481 128
11482 77
11483 149
11484 48
11485 77
11486 135
11487 198
11488 144
11489 162
11490 74
11491 144
11492 73
11493 157
11494 58
11495 71
11496 39
11497 58
11498 185
11499 63
11500 66
11501 130
11502 81
11503 192
11504 158
11505 73
11506 135
11507 50
11508 75
11509 49
11510 72
11511 128
11512 59
11513 76
11514 50
11515 73
11516 137
11517 146
11518 93
11519 133
11520 68
11521 140
11522 53
11523 76
11524 130
11525 81
11526 170
11527 161
11528 67
11529 129
11530 82
11531 169
11532 87
11533 66
11534 148
11535 57
11536 190
11537 50
11538 6
11539 39
11540 206
11541 165
11542 59
11543 64
11544 138
11545 63
11546 164
11547 132
11548 67
11549 162
11550 50
11551 183
11552 162
11553 64
11554 132
11555 160
11556 196
11557 136
11558 71
11559 155
11560 48
11561 77
11562 139
11563 68
11564 142
11565 51
11566 200
11567 80
11568 69
11569 135
11570 148
11571 65
11572 149
11573 80
11574 158
11575 129
11576 88
11577 152
11578 110
11579 222
11580 48
11581 8
11582 131
11583 31
11584 175
11585 172
11586 68
11587 144
11588 49
11589 123
11590 150
11591 67
11592 137
11593 194
11594 207
11595 143
11596 70
11597 150
11598 83
11599 84
11600 132
11601 69
11602 133
11603 189
11604 83
11605 155
11606 70
11607 167
11608 49
11609 70
11610 142
11611 49
11612 172
11613 36
11614 87
11615 137
11616 68
11617 152
11618 51
11619 74
11620 134
11621 51
11622 210
11623 52
11624 67
11625 131
11626 88
11627 156
11628 153
11629 64
11630 136
11631 81
11632 196
11633 130
11634 81
11635 135
11636 58
11637 199
11638 37
11639 9
11640 152
11641 87
11642 192
11643 56
11644 8
11645 141
11646 62
11647 69
11648 135
11649 11
11650 152
11651 149
11652 70
11653 128
11654 63
11655 125
11656 156
11657 67
11658 143
11659 192
11660 183
11661 51
11662 66
11663 148
11664 49
11665 168
11666 156
11667 69
11668 155
11669 80
11670 71
11671 61
11672 92
11673 136
11674 215
11675 68
11676 48
11677 67
11678 137
11679 54
11680 87
11681 59
11682 86
11683 148
11684 197
11685 66
11686 144
11687 73
11688 168
11689 52
11690 67
11691 137
11692 64
11693 138
11694 170
11695 66
11696 132
11697 85
11698 168
11699 36
11700 87
11701 41
11702 23
11703 189
11704 61
11705 15
11706 146
11707 89
11708 143
11709 58
11710 85
11711 147
11712 92
11713 161
11714 51
11715 66
11716 138
11717 89
11718 202
11719 94
11720 85
11721 155
11722 214
11723 71
11724 129
11725 82
11726 136
11727 63
11728 125
11729 132
11730 69
11731 155
11732 56
11733 85
11734 139
11735 82
11736 165
11737 61
11738 80
11739 34
11740 63
11741 153
11742 36
11743 69
11744 137
11745 200
11746 207
11747 57
11748 86
11749 146
11750 89
11751 206
11752 144
11753 12
11754 129
11755 60
11756 191
11757 57
11758 1
11759 134
11760 63
11761 180
11762 148
11763 6
11764 135
11765 90
11766 199
11767 133
11768 76
11769 140
11770 41
11771 125
11772 130
11773 91
11774 168
11775 56
11776 85
11777 137
11778 76
11779 152
11780 57
11781 192
11782 134
11783 59
11784 162
11785 62
11786 81
11787 129
11788 58
11789 161
11790 145
11791 72
11792 128
11793 91
11794 188
11795 134
11796 0
11797 135
11798 78
11799 114
11800 63
11801 3
11802 140
11803 59
11804 202
11805 134
11806 79
11807 141
11808 194
11809 193
11810 131
11811 72
11812 158
11813 61
11814 68
11815 52
11816 77
11817 160
11818 142
11819 77
11820 149
11821 64
11822 156
11823 133
11824 76
11825 128
11826 79
11827 170
11828 46
11829 75
11830 151
11831 58
11832 173
11833 61
11834 72
11835 148
11836 201
11837 196
11838 144
11839 2
11840 131
11841 58
11842 93
11843 160
11844 76
11845 150
11846 57
11847 202
11848 146
11849 14
11850 145
11851 167
11852 91
11853 164
11854 80
11855 132
11856 162
11857 76
11858 130
11859 77
11860 164
11861 50
11862 83
11863 141
11864 94
11865 140
11866 155
11867 74
11868 140
11869 77
11870 174
11871 173
11872 201
11873 137
11874 101
11875 163
11876 59
11877 74
11878 128
11879 89
11880 90
11881 169
11882 75
11883 162
11884 92
11885 193
11886 143
11887 21
11888 136
11889 195
11890 202
11891 154
11892 73
11893 135
11894 52
11895 91
11896 133
11897 82
11898 130
11899 55
11900 82
11901 146
11902 71
11903 160
11904 208
11905 95
11906 135
11907 86
11908 185
11909 51
11910 82
11911 134
11912 199
11913 117
11914 156
11915 83
11916 35
11917 80
11918 173
11919 59
11920 86
11921 148
11922 203
11923 176
11924 148
11925 65
11926 37
11927 200
11928 197
11929 129
11930 115
11931 138
11932 65
11933 190
11934 142
11935 6
11936 141
11937 212
11938 193
11939 147
11940 101
11941 142
11942 170
11943 72
11944 130
11945 83
11946 160
11947 54
11948 83
11949 160
11950 200
11951 169
11952 55
11953 80
11954 138
11955 203
11956 200
11957 132
11958 81
11959 143
11960 103
11961 171
11962 172
11963 74
11964 130
11965 65
11966 174
11967 48
11968 83
11969 141
11970 54
11971 89
11972 81
11973 90
11974 150
11975 211
11976 90
11977 136
11978 81
11979 160
11980 210
11981 71
11982 133
11983 82
11984 136
11985 53
11986 13
11987 134
11988 108
11989 157
11990 146
11991 81
11992 139
11993 86
11994 173
11995 55
11996 84
11997 32
11998 83
11999 176
12000 52
