0 0
1 1
2 1
3 2
4 2
5 3
6 0
7 4
8 1
9 1
10 2
11 5
12 3
13 3
14 4
15 1
16 1
17 2
18 5
19 3
20 0
21 4
22 4
23 2
24 1
25 1
26 3
27 3
28 4
29 4
30 2
31 1
32 1
33 5
34 6
35 3
36 2
37 2
38 8
39 1
40 5
41 6
42 0
43 7
44 2
45 2
46 5
47 5
48 8
49 9
50 7
51 4
52 2
53 5
54 5
55 10
56 9
57 4
58 2
59 11
60 5
61 5
62 10
63 3
64 4
65 4
66 7
67 5
68 5
69 10
70 9
71 4
72 4
73 7
74 8
75 6
76 5
77 10
78 2
79 4
80 7
81 8
82 0
83 5
84 10
85 2
86 2
87 8
88 0
89 6
90 3
91 9
92 4
93 4
94 8
95 11
96 0
97 1
98 9
99 4
100 7
101 8
102 8
103 3
104 3
105 9
106 1
107 1
108 8
109 8
110 5
111 3
112 9
113 9
114 1
115 8
116 0
117 3
118 3
119 9
120 9
121 1
122 8
123 8
124 3
125 6
126 9
127 9
128 7
129 8
130 8
131 6
132 6
133 9
134 7
135 2
136 2
137 8
138 0
139 6
140 10
141 7
142 2
143 13
144 5
145 5
146 0
147 9
148 7
149 7
150 11
151 5
152 5
153 6
154 9
155 15
156 7
157 13
158 11
159 6
160 6
161 9
162 16
163 7
164 14
165 8
166 6
167 6
168 9
169 10
170 7
171 13
172 11
173 6
174 6
175 9
176 12
177 4
178 7
179 8
180 5
181 6
182 9
183 12
184 4
185 3
186 8
187 6
188 6
189 1
190 12
191 4
192 3
193 11
194 6
195 6
196 10
197 12
198 4
199 3
200 11
201 11
202 5
203 6
204 10
205 7
206 4
207 11
208 11
209 5
210 2
211 10
212 16
213 7
214 11
215 17
216 12
217 2
218 9
219 16
220 7
221 11
222 17
223 1
224 2
225 10
226 16
227 8
228 13
229 17
230 17
231 2
232 10
233 16
234 16
235 13
236 14
237 17
238 2
239 15
240 16
241 16
242 13
243 14
244 17
245 15
246 9
247 10
248 16
249 13
250 11
251 17
252 15
253 9
254 10
255 14
256 13
257 8
258 17
259 15
260 9
261 16
262 6
263 13
264 14
265 17
266 12
267 12
268 16
269 13
270 11
271 8
272 17
273 7
274 12
275 16
276 16
277 13
278 14
279 17
280 9
281 12
282 16
283 19
284 13
285 6
286 17
287 7
288 12
289 16
290 13
291 1
292 14
293 17
294 7
295 12
296 16
297 16
298 3
299 17
300 17
301 1
302 12
303 16
304 11
305 3
306 20
307 17
308 7
309 15
310 16
311 16
312 13
313 14
314 18
315 10
316 12
317 15
318 11
319 6
320 13
321 18
322 10
323 12
324 19
325 3
326 14
327 20
328 18
329 1
330 21
331 19
332 8
333 4
334 13
335 10
336 10
337 21
338 5
339 8
340 11
341 13
342 10
343 10
344 21
345 16
346 8
347 11
348 18
349 10
350 10
351 2
352 16
353 8
354 11
355 18
356 10
357 2
358 6
359 6
360 8
361 25
362 17
363 10
364 9
365 6
366 5
367 8
368 3
369 7
370 4
371 4
372 5
373 6
374 8
375 20
376 7
377 4
378 9
379 5
380 16
381 6
382 11
383 7
384 4
385 10
386 5
387 6
388 6
389 13
390 7
391 4
392 10
393 16
394 6
395 6
396 13
397 17
398 4
399 7
400 16
401 6
402 5
403 13
404 18
405 4
406 7
407 10
408 6
409 5
410 14
411 2
412 4
413 4
414 3
415 6
416 5
417 14
418 2
419 4
420 9
421 3
422 3
423 5
424 18
425 2
426 1
427 4
428 3
429 3
430 5
431 6
432 2
433 1
434 10
435 16
436 3
437 5
438 8
439 2
440 1
441 10
442 16
443 3
444 3
445 8
446 2
447 2
448 10
449 16
450 21
451 3
452 8
453 2
454 2
455 10
456 16
457 3
458 3
459 8
460 18
461 2
462 10
463 16
464 3
465 3
466 11
467 18
468 2
469 10
470 16
471 3
472 25
473 8
474 7
475 2
476 19
477 16
478 3
479 8
480 11
481 12
482 2
483 16
484 9
485 3
486 25
487 17
488 7
489 2
490 9
491 9
492 5
493 25
494 17
495 18
496 4
497 16
498 9
499 6
500 25
501 17
502 7
503 4
504 24
505 16
506 6
507 6
508 18
509 12
510 4
511 24
512 16
513 6
514 6
515 18
516 12
517 4
518 19
519 16
520 5
521 6
522 18
523 17
524 7
525 24
526 21
527 6
528 5
529 18
530 18
531 4
532 16
533 19
534 6
535 20
536 26
537 2
538 4
539 24
540 3
541 19
542 26
543 18
544 18
545 29
546 4
547 3
548 19
549 23
550 28
551 18
552 32
553 24
554 21
555 16
556 23
557 28
558 9
559 32
560 24
561 21
562 33
563 25
564 23
565 9
566 32
567 22
568 29
569 11
570 25
571 23
572 9
573 32
574 16
575 33
576 11
577 17
578 26
579 9
580 32
581 21
582 30
583 30
584 23
585 20
586 9
587 27
588 27
589 30
590 8
591 25
592 7
593 32
594 24
595 21
596 30
597 33
598 25
599 25
600 15
601 19
602 19
603 34
604 33
605 25
606 23
607 2
608 29
609 19
610 6
611 14
612 25
613 7
614 12
615 16
616 19
617 6
618 33
619 18
620 7
621 7
622 16
623 16
624 6
625 14
626 17
627 7
628 7
629 16
630 6
631 6
632 8
633 17
634 10
635 10
636 12
637 22
638 6
639 8
640 17
641 33
642 10
643 27
644 22
645 6
646 13
647 18
648 23
649 32
650 12
651 11
652 6
653 13
654 20
655 10
656 10
657 7
658 8
659 33
660 13
661 20
662 10
663 10
664 21
665 22
666 11
667 6
668 26
669 10
670 10
671 24
672 16
673 11
674 26
675 28
676 10
677 10
678 16
679 22
680 8
681 28
682 18
683 10
684 9
685 19
686 21
687 8
688 18
689 18
690 9
691 9
692 24
693 8
694 8
695 26
696 20
697 9
698 7
699 16
700 29
701 8
702 5
703 23
704 9
705 7
706 19
707 32
708 8
709 8
710 18
711 10
712 9
713 19
714 13
715 8
716 11
717 20
718 4
719 9
720 16
721 13
722 8
723 17
724 18
725 10
726 10
727 16
728 13
729 8
730 17
731 25
732 10
733 10
734 24
735 29
736 5
737 6
738 15
739 10
740 4
741 19
742 11
743 6
744 6
745 20
746 12
747 4
748 19
749 13
750 6
751 17
752 31
753 12
754 12
755 19
756 33
757 13
758 6
759 28
760 12
761 22
762 3
763 13
764 13
765 18
766 23
767 15
768 22
769 22
770 14
771 13
772 20
773 1
774 32
775 22
776 16
777 33
778 13
779 20
780 1
781 32
782 32
783 19
784 14
785 33
786 17
787 17
788 32
789 22
790 4
791 33
792 34
793 20
794 2
795 15
796 32
797 19
798 33
799 33
800 17
801 2
802 32
803 16
804 16
805 33
806 33
807 17
808 2
809 12
810 16
811 16
812 14
813 33
814 20
815 2
816 32
817 22
818 16
819 13
820 33
821 17
822 40
823 32
824 19
825 22
826 14
827 25
828 18
829 15
830 32
831 19
832 19
833 13
834 33
835 17
836 15
837 15
838 16
839 16
840 13
841 26
842 4
843 15
844 15
845 19
846 16
847 33
848 39
849 17
850 34
851 15
852 19
853 19
854 14
855 26
856 18
857 40
858 15
859 16
860 14
861 14
862 25
863 17
864 18
865 15
866 19
867 16
868 13
869 20
870 18
871 17
872 35
873 19
874 16
875 13
876 20
877 17
878 18
879 12
880 21
881 19
882 13
883 23
884 17
885 35
886 12
887 12
888 19
889 39
890 13
891 17
892 35
893 12
894 12
895 33
896 33
897 13
898 17
899 37
900 35
901 21
902 21
903 33
904 13
905 20
906 32
907 30
908 21
909 36
910 33
911 20
912 23
913 35
914 35
915 22
916 33
917 33
918 23
919 18
920 32
921 24
922 21
923 22
924 33
925 20
926 14
927 32
928 30
929 21
930 21
931 33
932 23
933 20
934 32
935 29
936 21
937 21
938 33
939 17
940 7
941 20
942 9
943 16
944 21
945 34
946 18
947 20
948 15
949 35
950 16
951 33
952 14
953 17
954 37
955 35
956 10
957 16
958 36
959 8
960 17
961 37
962 32
963 16
964 19
965 33
966 34
967 17
968 26
969 32
970 16
971 6
972 34
973 34
974 18
975 7
976 32
977 38
978 16
979 36
980 28
981 17
982 37
983 32
984 24
985 16
986 33
987 11
988 17
989 25
990 35
991 24
992 19
993 33
994 40
995 25
996 32
997 43
998 19
999 19
1000 33
1001 11
1002 25
1003 17
1004 32
1005 19
1006 16
1007 33
1008 28
1009 17
1010 32
1011 32
1012 16
1013 19
1014 33
1015 11
1016 2
1017 40
1018 30
1019 9
1020 29
1021 33
1022 31
1023 18
1024 32
1025 32
1026 9
1027 29
1028 33
1029 34
1030 17
1031 35
1032 32
1033 19
1034 29
1035 33
1036 11
1037 17
1038 35
1039 32
1040 9
1041 29
1042 33
1043 11
1044 17
1045 32
1046 32
1047 19
1048 44
1049 33
1050 26
1051 17
1052 35
1053 24
1054 10
1055 44
1056 34
1057 17
1058 17
1059 15
1060 24
1061 10
1062 39
1063 33
1064 17
1065 26
1066 37
1067 24
1068 10
1069 39
1070 34
1071 17
1072 18
1073 38
1074 27
1075 16
1076 39
1077 36
1078 17
1079 17
1080 38
1081 24
1082 19
1083 42
1084 39
1085 17
1086 17
1087 35
1088 27
1089 16
1090 39
1091 33
1092 17
1093 17
1094 38
1095 29
1096 19
1097 39
1098 25
1099 25
1100 26
1101 35
1102 29
1103 19
1104 36
1105 23
1106 25
1107 26
1108 35
1109 29
1110 24
1111 36
1112 34
1113 25
1114 18
1115 21
1116 21
1117 24
1118 34
1119 34
1120 20
1121 43
1122 35
1123 21
1124 24
1125 34
1126 20
1127 23
1128 28
1129 35
1130 21
1131 21
1132 34
1133 20
1134 20
1135 28
1136 35
1137 22
1138 24
1139 33
1140 33
1141 23
1142 28
1143 35
1144 22
1145 24
1146 34
1147 34
1148 23
1149 31
1150 35
1151 12
1152 24
1153 34
1154 23
1155 20
1156 40
1157 38
1158 21
1159 24
1160 34
1161 33
1162 20
1163 31
1164 37
1165 16
1166 21
1167 34
1168 17
1169 17
1170 43
1171 32
1172 16
1173 24
1174 34
1175 17
1176 17
1177 43
1178 16
1179 16
1180 1
1181 39
1182 18
1183 17
1184 3
1185 15
1186 16
1187 2
1188 36
1189 17
1190 18
1191 3
1192 16
1193 16
1194 1
1195 39
1196 17
1197 7
1198 26
1199 37
1200 16
1201 1
1202 34
1203 17
1204 18
1205 35
1206 19
1207 19
1208 2
1209 33
1210 17
1211 18
1212 35
1213 38
1214 19
1215 27
1216 36
1217 17
1218 18
1219 32
1220 37
1221 16
1222 27
1223 36
1224 10
1225 18
1226 35
1227 21
1228 16
1229 33
1230 36
1231 17
1232 32
1233 32
1234 21
1235 19
1236 33
1237 34
1238 17
1239 20
1240 32
1241 16
1242 16
1243 33
1244 34
1245 18
1246 48
1247 35
1248 16
1249 19
1250 33
1251 41
1252 17
1253 23
1254 32
1255 38
1256 21
1257 33
1258 34
1259 18
1260 23
1261 35
1262 16
1263 19
1264 33
1265 34
1266 18
1267 40
1268 32
1269 16
1270 21
1271 33
1272 39
1273 17
1274 23
1275 32
1276 16
1277 19
1278 33
1279 47
1280 18
1281 23
1282 35
1283 13
1284 21
1285 33
1286 53
1287 12
1288 48
1289 35
1290 13
1291 19
1292 34
1293 34
1294 11
1295 32
1296 35
1297 16
1298 9
1299 34
1300 34
1301 17
1302 45
1303 45
1304 16
1305 19
1306 34
1307 17
1308 23
1309 45
1310 35
1311 16
1312 19
1313 34
1314 33
1315 17
1316 35
1317 37
1318 16
1319 30
1320 34
1321 44
1322 17
1323 45
1324 38
1325 16
1326 19
1327 33
1328 17
1329 17
1330 18
1331 22
1332 16
1333 19
1334 39
1335 23
1336 17
1337 17
1338 35
1339 27
1340 19
1341 36
1342 23
1343 2
1344 43
1345 21
1346 16
1347 22
1348 33
1349 23
1350 5
1351 15
1352 21
1353 19
1354 22
1355 33
1356 23
1357 5
1358 15
1359 21
1360 21
1361 4
1362 33
1363 17
1364 5
1365 35
1366 21
1367 21
1368 22
1369 33
1370 20
1371 18
1372 32
1373 35
1374 21
1375 4
1376 33
1377 51
1378 20
1379 32
1380 35
1381 19
1382 39
1383 33
1384 20
1385 18
1386 32
1387 27
1388 19
1389 41
1390 33
1391 17
1392 20
1393 32
1394 27
1395 16
1396 44
1397 36
1398 18
1399 20
1400 32
1401 27
1402 16
1403 22
1404 36
1405 17
1406 18
1407 32
1408 24
1409 19
1410 41
1411 36
1412 17
1413 18
1414 32
1415 24
1416 16
1417 19
1418 36
1419 23
1420 18
1421 37
1422 24
1423 16
1424 33
1425 36
1426 23
1427 18
1428 32
1429 5
1430 22
1431 36
1432 36
1433 26
1434 26
1435 37
1436 24
1437 16
1438 36
1439 44
1440 20
1441 17
1442 37
1443 22
1444 16
1445 33
1446 36
1447 26
1448 40
1449 37
1450 24
1451 19
1452 33
1453 36
1454 23
1455 40
1456 32
1457 22
1458 2
1459 33
1460 41
1461 23
1462 13
1463 37
1464 21
1465 21
1466 39
1467 31
1468 23
1469 23
1470 29
1471 22
1472 22
1473 34
1474 31
1475 20
1476 14
1477 29
1478 22
1479 21
1480 34
1481 31
1482 20
1483 13
1484 29
1485 22
1486 22
1487 33
1488 31
1489 20
1490 20
1491 29
1492 21
1493 15
1494 33
1495 31
1496 14
1497 20
1498 37
1499 27
1500 15
1501 12
1502 28
1503 23
1504 20
1505 35
1506 27
1507 15
1508 15
1509 28
1510 26
1511 14
1512 45
1513 24
1514 15
1515 15
1516 25
1517 31
1518 14
1519 38
1520 24
1521 34
1522 15
1523 25
1524 0
1525 14
1526 19
1527 22
1528 15
1529 15
1530 28
1531 17
1532 14
1533 55
1534 24
1535 33
1536 15
1537 26
1538 26
1539 35
1540 30
1541 24
1542 15
1543 15
1544 26
1545 17
1546 14
1547 35
1548 24
1549 15
1550 15
1551 26
1552 17
1553 35
1554 14
1555 24
1556 19
1557 12
1558 25
1559 25
1560 35
1561 29
1562 24
1563 10
1564 34
1565 25
1566 18
1567 13
1568 29
1569 24
1570 12
1571 34
1572 20
1573 28
1574 35
1575 22
1576 24
1577 12
1578 39
1579 23
1580 28
1581 35
1582 29
1583 16
1584 33
1585 36
1586 23
1587 11
1588 32
1589 22
1590 16
1591 41
1592 41
1593 23
1594 5
1595 13
1596 29
1597 10
1598 33
1599 33
1600 23
1601 6
1602 32
1603 46
1604 7
1605 15
1606 33
1607 26
1608 6
1609 32
1610 30
1611 4
1612 33
1613 34
1614 28
1615 11
1616 32
1617 30
1618 29
1619 33
1620 33
1621 11
1622 8
1623 38
1624 30
1625 29
1626 15
1627 33
1628 5
1629 28
1630 32
1631 16
1632 4
1633 33
1634 44
1635 17
1636 28
1637 35
1638 24
1639 10
1640 33
1641 25
1642 18
1643 11
1644 35
1645 16
1646 10
1647 4
1648 44
1649 11
1650 5
1651 37
1652 24
1653 30
1654 4
1655 26
1656 18
1657 11
1658 5
1659 24
1660 49
1661 33
1662 25
1663 18
1664 11
1665 45
1666 16
1667 27
1668 39
1669 26
1670 17
1671 38
1672 8
1673 24
1674 10
1675 36
1676 33
1677 25
1678 32
1679 8
1680 24
1681 7
1682 36
1683 51
1684 23
1685 32
1686 8
1687 24
1688 42
1689 36
1690 28
1691 3
1692 37
1693 8
1694 21
1695 33
1696 10
1697 20
1698 25
1699 8
1700 35
1701 24
1702 34
1703 10
1704 20
1705 23
1706 37
1707 22
1708 21
1709 34
1710 39
1711 53
1712 14
1713 11
1714 49
1715 15
1716 33
1717 33
1718 26
1719 14
1720 11
1721 45
1722 15
1723 4
1724 39
1725 23
1726 20
1727 14
1728 55
1729 12
1730 39
1731 33
1732 23
1733 13
1734 14
1735 35
1736 24
1737 36
1738 39
1739 25
1740 13
1741 14
1742 40
1743 50
1744 12
1745 15
1746 18
1747 14
1748 14
1749 16
1750 24
1751 36
1752 15
1753 17
1754 14
1755 14
1756 50
1757 24
1758 15
1759 39
1760 17
1761 3
1762 14
1763 24
1764 27
1765 15
1766 33
1767 17
1768 14
1769 13
1770 35
1771 10
1772 42
1773 36
1774 17
1775 13
1776 13
1777 19
1778 19
1779 15
1780 36
1781 17
1782 6
1783 8
1784 19
1785 19
1786 12
1787 36
1788 17
1789 45
1790 13
1791 19
1792 27
1793 12
1794 47
1795 17
1796 11
1797 35
1798 19
1799 16
1800 15
1801 39
1802 18
1803 46
1804 13
1805 19
1806 22
1807 33
1808 47
1809 20
1810 11
1811 13
1812 21
1813 34
1814 33
1815 44
1816 20
1817 48
1818 13
1819 22
1820 22
1821 33
1822 44
1823 17
1824 40
1825 13
1826 19
1827 49
1828 34
1829 34
1830 11
1831 14
1832 13
1833 19
1834 41
1835 15
1836 48
1837 48
1838 40
1839 13
1840 19
1841 49
1842 34
1843 48
1844 17
1845 43
1846 35
1847 16
1848 22
1849 36
1850 17
1851 5
1852 40
1853 32
1854 16
1855 22
1856 33
1857 33
1858 17
1859 32
1860 32
1861 16
1862 22
1863 33
1864 17
1865 17
1866 14
1867 40
1868 16
1869 49
1870 39
1871 18
1872 18
1873 14
1874 24
1875 16
1876 36
1877 42
1878 18
1879 8
1880 35
1881 35
1882 16
1883 19
1884 12
1885 59
1886 48
1887 38
1888 46
1889 16
1890 19
1891 15
1892 18
1893 17
1894 37
1895 45
1896 19
1897 19
1898 15
1899 18
1900 8
1901 37
1902 43
1903 19
1904 16
1905 15
1906 18
1907 17
1908 43
1909 45
1910 19
1911 36
1912 41
1913 28
1914 8
1915 38
1916 55
1917 7
1918 16
1919 41
1920 44
1921 11
1922 8
1923 45
1924 49
1925 41
1926 9
1927 44
1928 53
1929 8
1930 55
1931 49
1932 39
1933 36
1934 48
1935 48
1936 8
1937 46
1938 50
1939 33
1940 39
1941 48
1942 13
1943 32
1944 46
1945 22
1946 41
1947 34
1948 23
1949 54
1950 8
1951 46
1952 50
1953 39
1954 10
1955 18
1956 43
1957 38
1958 55
1959 22
1960 39
1961 10
1962 18
1963 43
1964 8
1965 50
1966 49
1967 41
1968 10
1969 18
1970 23
1971 8
1972 57
1973 49
1974 41
1975 10
1976 48
1977 20
1978 8
1979 11
1980 49
1981 41
1982 42
1983 17
1984 40
1985 8
1986 49
1987 49
1988 39
1989 41
1990 51
1991 48
1992 38
1993 49
1994 50
1995 39
1996 33
1997 17
1998 40
1999 32
2000 49
2001 50
2002 39
2003 56
2004 18
2005 40
2006 32
2007 49
2008 49
2009 9
2010 47
2011 18
2012 46
2013 24
2014 49
2015 50
2016 39
2017 41
2018 17
2019 46
2020 37
2021 19
2022 16
2023 39
2024 56
2025 17
2026 64
2027 38
2028 50
2029 50
2030 41
2031 25
2032 18
2033 13
2034 37
2035 50
2036 15
2037 41
2038 25
2039 17
2040 40
2041 37
2042 21
2043 36
2044 41
2045 56
2046 18
2047 64
2048 37
2049 52
2050 49
2051 12
2052 56
2053 18
2054 11
2055 40
2056 49
2057 22
2058 12
2059 53
2060 23
2061 43
2062 43
2063 49
2064 22
2065 41
2066 53
2067 53
2068 13
2069 43
2070 49
2071 15
2072 39
2073 53
2074 23
2075 23
2076 49
2077 22
2078 15
2079 41
2080 51
2081 20
2082 11
2083 43
2084 49
2085 15
2086 42
2087 53
2088 14
2089 38
2090 40
2091 55
2092 15
2093 15
2094 41
2095 23
2096 38
2097 43
2098 55
2099 22
2100 42
2101 48
2102 51
2103 14
2104 43
2105 55
2106 60
2107 39
2108 48
2109 45
2110 14
2111 43
2112 52
2113 44
2114 39
2115 48
2116 54
2117 38
2118 16
2119 49
2120 64
2121 15
2122 48
2123 51
2124 14
2125 49
2126 19
2127 66
2128 15
2129 48
2130 26
2131 38
2132 52
2133 19
2134 36
2135 15
2136 48
2137 64
2138 64
2139 52
2140 19
2141 36
2142 39
2143 8
2144 61
2145 38
2146 57
2147 19
2148 39
2149 39
2150 48
2151 64
2152 35
2153 52
2154 49
2155 65
2156 66
2157 51
2158 64
2159 38
2160 57
2161 27
2162 65
2163 59
2164 48
2165 67
2166 11
2167 52
2168 50
2169 65
2170 47
2171 48
2172 64
2173 57
2174 16
2175 16
2176 15
2177 61
2178 51
2179 64
2180 58
2181 50
2182 52
2183 65
2184 56
2185 51
2186 64
2187 11
2188 50
2189 55
2190 12
2191 65
2192 48
2193 64
2194 11
2195 50
2196 49
2197 15
2198 56
2199 48
2200 64
2201 38
2202 49
2203 50
2204 65
2205 48
2206 48
2207 28
2208 43
2209 49
2210 63
2211 42
2212 56
2213 48
2214 45
2215 64
2216 50
2217 21
2218 10
2219 48
2220 54
2221 28
2222 40
2223 55
2224 15
2225 10
2226 51
2227 54
2228 69
2229 57
2230 50
2231 15
2232 10
2233 56
2234 17
2235 45
2236 57
2237 58
2238 66
2239 10
2240 59
2241 59
2242 45
2243 50
2244 19
2245 66
2246 42
2247 59
2248 53
2249 64
2250 52
2251 49
2252 66
2253 10
2254 56
2255 17
2256 43
2257 46
2258 2
2259 68
2260 10
2261 54
2262 67
2263 67
2264 57
2265 52
2266 15
2267 10
2268 53
2269 17
2270 46
2271 46
2272 55
2273 65
2274 10
2275 53
2276 64
2277 64
2278 57
2279 55
2280 65
2281 10
2282 51
2283 54
2284 64
2285 49
2286 52
2287 65
2288 10
2289 53
2290 64
2291 64
2292 40
2293 52
2294 65
2295 66
2296 53
2297 67
2298 64
2299 52
2300 55
2301 65
2302 42
2303 53
2304 67
2305 64
2306 40
2307 52
2308 65
2309 61
2310 54
2311 23
2312 40
2313 50
2314 22
2315 65
2316 62
2317 14
2318 23
2319 64
2320 40
2321 22
2322 15
2323 41
2324 14
2325 23
2326 64
2327 49
2328 22
2329 65
2330 42
2331 48
2332 64
2333 58
2334 50
2335 22
2336 65
2337 42
2338 48
2339 64
2340 49
2341 50
2342 71
2343 66
2344 18
2345 48
2346 64
2347 64
2348 49
2349 21
2350 65
2351 48
2352 56
2353 25
2354 64
2355 49
2356 50
2357 65
2358 48
2359 51
2360 64
2361 64
2362 49
2363 50
2364 65
2365 59
2366 51
2367 25
2368 64
2369 49
2370 50
2371 65
2372 51
2373 48
2374 26
2375 69
2376 49
2377 50
2378 66
2379 51
2380 54
2381 25
2382 63
2383 19
2384 66
2385 65
2386 54
2387 53
2388 64
2389 63
2390 22
2391 66
2392 66
2393 54
2394 48
2395 26
2396 63
2397 50
2398 66
2399 42
2400 53
2401 18
2402 26
2403 60
2404 50
2405 66
2406 42
2407 56
2408 48
2409 64
2410 60
2411 19
2412 66
2413 65
2414 56
2415 75
2416 64
2417 57
2418 50
2419 65
2420 65
2421 56
2422 72
2423 64
2424 63
2425 52
2426 66
2427 65
2428 54
2429 72
2430 64
2431 63
2432 52
2433 66
2434 66
2435 54
2436 69
2437 64
2438 60
2439 58
2440 65
2441 15
2442 54
2443 17
2444 64
2445 52
2446 58
2447 66
2448 66
2449 51
2450 17
2451 11
2452 50
2453 55
2454 66
2455 42
2456 48
2457 67
2458 69
2459 52
2460 55
2461 65
2462 54
2463 48
2464 17
2465 28
2466 52
2467 76
2468 16
2469 68
2470 51
2471 70
2472 67
2473 52
2474 49
2475 19
2476 61
2477 53
2478 64
2479 67
2480 52
2481 49
2482 19
2483 68
2484 48
2485 64
2486 64
2487 50
2488 16
2489 19
2490 62
2491 54
2492 64
2493 64
2494 52
2495 63
2496 71
2497 53
2498 56
2499 64
2500 77
2501 57
2502 73
2503 65
2504 53
2505 56
2506 18
2507 64
2508 58
2509 65
2510 65
2511 53
2512 53
2513 64
2514 60
2515 45
2516 73
2517 65
2518 44
2519 51
2520 64
2521 78
2522 52
2523 73
2524 65
2525 53
2526 48
2527 64
2528 78
2529 49
2530 66
2531 65
2532 10
2533 51
2534 64
2535 81
2536 49
2537 66
2538 65
2539 59
2540 51
2541 64
2542 55
2543 49
2544 66
2545 66
2546 48
2547 51
2548 64
2549 72
2550 58
2551 66
2552 65
2553 51
2554 59
2555 64
2556 57
2557 50
2558 73
2559 71
2560 48
2561 54
2562 64
2563 63
2564 22
2565 66
2566 71
2567 48
2568 59
2569 69
2570 57
2571 49
2572 73
2573 66
2574 48
2575 56
2576 31
2577 58
2578 15
2579 21
2580 61
2581 41
2582 72
2583 69
2584 49
2585 22
2586 16
2587 71
2588 51
2589 23
2590 69
2591 49
2592 49
2593 65
2594 61
2595 48
2596 48
2597 69
2598 50
2599 55
2600 22
2601 66
2602 48
2603 64
2604 67
2605 32
2606 81
2607 65
2608 66
2609 48
2610 72
2611 67
2612 49
2613 55
2614 65
2615 66
2616 53
2617 17
2618 64
2619 50
2620 49
2621 27
2622 54
2623 56
2624 67
2625 70
2626 50
2627 50
2628 27
2629 80
2630 36
2631 64
2632 75
2633 57
2634 60
2635 66
2636 62
2637 54
2638 20
2639 64
2640 57
2641 57
2642 73
2643 61
2644 53
2645 64
2646 75
2647 50
2648 74
2649 21
2650 61
2651 17
2652 20
2653 72
2654 63
2655 37
2656 71
2657 83
2658 51
2659 64
2660 67
2661 40
2662 73
2663 65
2664 62
2665 51
2666 64
2667 70
2668 57
2669 68
2670 65
2671 80
2672 51
2673 64
2674 25
2675 49
2676 60
2677 65
2678 59
2679 51
2680 70
2681 67
2682 49
2683 60
2684 71
2685 54
2686 51
2687 20
2688 78
2689 49
2690 22
2691 65
2692 11
2693 54
2694 69
2695 58
2696 43
2697 79
2698 65
2699 62
2700 54
2701 64
2702 49
2703 43
2704 74
2705 66
2706 48
2707 48
2708 69
2709 77
2710 49
2711 65
2712 66
2713 48
2714 59
2715 67
2716 81
2717 49
2718 65
2719 68
2720 53
2721 48
2722 18
2723 58
2724 49
2725 65
2726 71
2727 51
2728 56
2729 64
2730 58
2731 49
2732 16
2733 68
2734 51
2735 72
2736 18
2737 63
2738 57
2739 65
2740 68
2741 48
2742 72
2743 64
2744 57
2745 46
2746 19
2747 71
2748 48
2749 72
2750 17
2751 57
2752 50
2753 65
2754 51
2755 51
2756 72
2757 67
2758 82
2759 4
2760 65
2761 80
2762 47
2763 64
2764 67
2765 55
2766 49
2767 66
2768 80
2769 51
2770 72
2771 67
2772 49
2773 49
2774 66
2775 83
2776 48
2777 72
2778 28
2779 52
2780 52
2781 66
2782 29
2783 53
2784 67
2785 28
2786 57
2787 52
2788 30
2789 48
2790 51
2791 72
2792 28
2793 49
2794 55
2795 29
2796 56
2797 51
2798 70
2799 70
2800 49
2801 35
2802 29
2803 51
2804 41
2805 69
2806 28
2807 50
2808 35
2809 71
2810 56
2811 34
2812 67
2813 69
2814 49
2815 35
2816 71
2817 51
2818 54
2819 18
2820 70
2821 50
2822 32
2823 30
2824 56
2825 47
2826 75
2827 31
2828 49
2829 52
2830 29
2831 51
2832 34
2833 70
2834 31
2835 45
2836 76
2837 71
2838 53
2839 53
2840 17
2841 31
2842 50
2843 52
2844 68
2845 61
2846 41
2847 75
2848 78
2849 46
2850 66
2851 71
2852 48
2853 47
2854 64
2855 31
2856 52
2857 65
2858 29
2859 56
2860 44
2861 64
2862 78
2863 55
2864 79
2865 71
2866 51
2867 34
2868 75
2869 49
2870 52
2871 68
2872 66
2873 13
2874 47
2875 23
2876 31
2877 12
2878 74
2879 27
2880 61
2881 54
2882 23
2883 50
2884 46
2885 21
2886 71
2887 51
2888 54
2889 23
2890 49
2891 52
2892 21
2893 66
2894 48
2895 20
2896 20
2897 49
2898 55
2899 21
2900 74
2901 51
2902 20
2903 69
2904 49
2905 45
2906 21
2907 73
2908 51
2909 20
2910 25
2911 58
2912 35
2913 21
2914 48
2915 61
2916 51
2917 20
2918 50
2919 40
2920 21
2921 73
2922 48
2923 78
2924 67
2925 50
2926 40
2927 68
2928 56
2929 48
2930 51
2931 70
2932 50
2933 49
2934 19
2935 62
2936 41
2937 80
2938 26
2939 50
2940 40
2941 22
2942 30
2943 42
2944 69
2945 67
2946 57
2947 40
2948 22
2949 56
2950 48
2951 69
2952 26
2953 49
2954 43
2955 71
2956 35
2957 42
2958 69
2959 69
2960 49
2961 43
2962 68
2963 83
2964 36
2965 70
2966 69
2967 57
2968 49
2969 71
2970 59
2971 41
2972 70
2973 72
2974 49
2975 16
2976 66
2977 54
2978 42
2979 67
2980 64
2981 50
2982 79
2983 66
2984 83
2985 42
2986 67
2987 55
2988 52
2989 45
2990 71
2991 80
2992 53
2993 36
2994 26
2995 16
2996 16
2997 71
2998 56
2999 54
3000 28
3001 64
3002 55
3003 37
3004 27
3005 54
3006 39
3007 17
3008 72
3009 55
3010 16
3011 71
3012 54
3013 34
3014 47
3015 64
3016 55
3017 38
3018 68
3019 53
3020 33
3021 31
3022 64
3023 52
3024 37
3025 29
3026 56
3027 33
3028 69
3029 72
3030 52
3031 68
3032 30
3033 53
3034 39
3035 31
3036 64
3037 40
3038 68
3039 71
3040 59
3041 34
3042 31
3043 81
3044 50
3045 68
3046 66
3047 53
3048 77
3049 18
3050 75
3051 49
3052 38
3053 43
3054 53
3055 36
3056 31
3057 55
3058 52
3059 19
3060 43
3061 56
3062 36
3063 18
3064 52
3065 49
3066 71
3067 74
3068 53
3069 36
3070 42
3071 52
3072 52
3073 19
3074 54
3075 56
3076 39
3077 70
3078 52
3079 37
3080 19
3081 80
3082 48
3083 39
3084 70
3085 41
3086 49
3087 19
3088 73
3089 53
3090 39
3091 70
3092 52
3093 49
3094 73
3095 66
3096 53
3097 39
3098 67
3099 55
3100 38
3101 37
3102 65
3103 53
3104 47
3105 18
3106 52
3107 38
3108 16
3109 65
3110 54
3111 39
3112 67
3113 55
3114 50
3115 45
3116 66
3117 59
3118 17
3119 64
3120 52
3121 55
3122 35
3123 66
3124 56
3125 34
3126 64
3127 81
3128 46
3129 16
3130 74
3131 48
3132 33
3133 64
3134 57
3135 46
3136 35
3137 74
3138 56
3139 20
3140 64
3141 58
3142 38
3143 68
3144 59
3145 20
3146 20
3147 64
3148 58
3149 22
3150 66
3151 80
3152 41
3153 20
3154 70
3155 58
3156 35
3157 43
3158 59
3159 23
3160 20
3161 72
3162 55
3163 32
3164 43
3165 80
3166 39
3167 33
3168 72
3169 49
3170 32
3171 46
3172 80
3173 42
3174 20
3175 72
3176 57
3177 21
3178 32
3179 80
3180 41
3181 23
3182 33
3183 58
3184 22
3185 68
3186 59
3187 36
3188 23
3189 69
3190 57
3191 32
3192 66
3193 1
3194 34
3195 42
3196 55
3197 55
3198 32
3199 66
3200 53
3201 59
3202 34
3203 69
3204 52
3205 32
3206 35
3207 54
3208 44
3209 34
3210 69
3211 50
3212 21
3213 35
3214 53
3215 34
3216 33
3217 82
3218 52
3219 21
3220 65
3221 59
3222 39
3223 34
3224 55
3225 37
3226 37
3227 45
3228 54
3229 36
3230 34
3231 67
3232 37
3233 35
3234 45
3235 62
3236 33
3237 70
3238 75
3239 38
3240 40
3241 73
3242 1
3243 20
3244 47
3245 75
3246 38
3247 22
3248 66
3249 51
3250 33
3251 69
3252 49
3253 40
3254 24
3255 66
3256 51
3257 33
3258 70
3259 81
3260 81
3261 21
3262 73
3263 80
3264 33
3265 72
3266 81
3267 37
3268 21
3269 71
3270 51
3271 33
3272 70
3273 75
3274 37
3275 21
3276 68
3277 48
3278 18
3279 36
3280 81
3281 35
3282 22
3283 68
3284 48
3285 18
3286 64
3287 82
3288 32
3289 22
3290 65
3291 41
3292 18
3293 69
3294 82
3295 35
3296 68
3297 74
3298 80
3299 33
3300 69
3301 57
3302 40
3303 19
3304 68
3305 44
3306 18
3307 72
3308 57
3309 43
3310 22
3311 62
3312 51
3313 18
3314 78
3315 81
3316 16
3317 32
3318 71
3319 41
3320 17
3321 69
3322 6
3323 45
3324 35
3325 83
3326 17
3327 17
3328 70
3329 11
3330 32
3331 35
3332 71
3333 17
3334 39
3335 69
3336 6
3337 32
3338 38
3339 73
3340 17
3341 34
3342 12
3343 81
3344 46
3345 66
3346 56
3347 41
3348 17
3349 70
3350 3
3351 43
3352 40
3353 13
3354 42
3355 23
3356 75
3357 81
3358 21
3359 38
3360 80
3361 44
3362 36
3363 64
3364 81
3365 21
3366 38
3367 56
3368 44
3369 44
3370 64
3371 3
3372 29
3373 66
3374 80
3375 41
3376 44
3377 57
3378 22
3379 32
3380 68
3381 56
3382 34
3383 20
3384 67
3385 32
3386 32
3387 68
3388 56
3389 33
3390 36
3391 81
3392 35
3393 43
3394 65
3395 80
3396 33
3397 44
3398 72
3399 46
3400 19
3401 65
3402 56
3403 34
3404 44
3405 75
3406 6
3407 19
3408 68
3409 56
3410 20
3411 70
3412 69
3413 32
3414 38
3415 45
3416 80
3417 34
3418 44
3419 70
3420 6
3421 43
3422 68
3423 83
3424 23
3425 41
3426 69
3427 32
3428 37
3429 68
3430 79
3431 33
3432 44
3433 78
3434 32
3435 32
3436 66
3437 80
3438 20
3439 39
3440 57
3441 32
3442 32
3443 68
3444 4
3445 20
3446 44
3447 82
3448 32
3449 32
3450 73
3451 80
3452 23
3453 69
3454 82
3455 21
3456 35
3457 74
3458 56
3459 23
3460 44
3461 82
3462 43
3463 21
3464 65
3465 80
3466 20
3467 69
3468 82
3469 37
3470 35
3471 65
3472 42
3473 23
3474 67
3475 82
3476 37
3477 37
3478 73
3479 41
3480 33
3481 70
3482 81
3483 35
3484 32
3485 73
3486 54
3487 31
3488 69
3489 81
3490 38
3491 37
3492 65
3493 41
3494 20
3495 69
3496 81
3497 32
3498 73
3499 74
3500 41
3501 23
3502 67
3503 81
3504 32
3505 68
3506 80
3507 33
3508 31
3509 67
3510 81
3511 32
3512 35
3513 80
3514 39
3515 23
3516 67
3517 81
3518 5
3519 32
3520 76
3521 39
3522 34
3523 77
3524 40
3525 22
3526 68
3527 83
3528 39
3529 20
3530 69
3531 81
3532 16
3533 43
3534 80
3535 41
3536 34
3537 82
3538 40
3539 16
3540 71
3541 83
3542 42
3543 39
3544 70
3545 40
3546 37
3547 71
3548 83
3549 39
3550 36
3551 69
3552 81
3553 16
3554 68
3555 71
3556 39
3557 33
3558 70
3559 19
3560 37
3561 68
3562 76
3563 18
3564 39
3565 72
3566 38
3567 38
3568 68
3569 83
3570 17
3571 41
3572 75
3573 45
3574 38
3575 71
3576 85
3577 36
3578 41
3579 81
3580 45
3581 35
3582 71
3583 80
3584 17
3585 47
3586 72
3587 19
3588 21
3589 71
3590 80
3591 36
3592 72
3593 81
3594 13
3595 38
3596 71
3597 80
3598 33
3599 44
3600 67
3601 16
3602 30
3603 80
3604 80
3605 31
3606 36
3607 75
3608 32
3609 38
3610 71
3611 1
3612 18
3613 70
3614 81
3615 32
3616 40
3617 71
3618 74
3619 17
3620 42
3621 75
3622 35
3623 40
3624 73
3625 80
3626 18
3627 42
3628 72
3629 13
3630 37
3631 73
3632 80
3633 34
3634 42
3635 75
3636 32
3637 43
3638 80
3639 85
3640 20
3641 42
3642 81
3643 32
3644 40
3645 68
3646 47
3647 20
3648 69
3649 72
3650 22
3651 35
3652 68
3653 10
3654 33
3655 42
3656 72
3657 35
3658 35
3659 73
3660 44
3661 33
3662 70
3663 81
3664 22
3665 35
3666 68
3667 44
3668 25
3669 69
3670 82
3671 22
3672 68
3673 68
3674 80
3675 23
3676 70
3677 82
3678 32
3679 68
3680 68
3681 44
3682 34
3683 81
3684 46
3685 37
3686 32
3687 73
3688 44
3689 33
3690 72
3691 84
3692 19
3693 32
3694 65
3695 33
3696 33
3697 69
3698 46
3699 21
3700 68
3701 80
3702 10
3703 33
3704 72
3705 82
3706 32
3707 45
3708 65
3709 36
3710 34
3711 72
3712 46
3713 21
3714 71
3715 65
3716 17
3717 34
3718 72
3719 81
3720 32
3721 96
3722 65
3723 20
3724 33
3725 75
3726 21
3727 21
3728 35
3729 66
3730 20
3731 34
3732 70
3733 40
3734 32
3735 71
3736 73
3737 20
3738 34
3739 72
3740 40
3741 27
3742 73
3743 73
3744 20
3745 34
3746 70
3747 43
3748 27
3749 91
3750 74
3751 34
3752 33
3753 70
3754 38
3755 32
3756 71
3757 74
3758 20
3759 33
3760 70
3761 38
3762 16
3763 71
3764 80
3765 33
3766 70
3767 72
3768 38
3769 32
3770 71
3771 80
3772 20
3773 33
3774 81
3775 37
3776 35
3777 73
3778 83
3779 18
3780 44
3781 70
3782 37
3783 35
3784 85
3785 39
3786 23
3787 69
3788 70
3789 38
3790 32
3791 71
3792 41
3793 23
3794 70
3795 72
3796 35
3797 40
3798 73
3799 41
3800 36
3801 70
3802 75
3803 35
3804 32
3805 73
3806 83
3807 36
3808 72
3809 82
3810 37
3811 96
3812 73
3813 39
3814 20
3815 75
3816 72
3817 35
3818 43
3819 73
3820 36
3821 34
3822 70
3823 72
3824 32
3825 60
3826 73
3827 36
3828 33
3829 81
3830 75
3831 21
3832 60
3833 80
3834 39
3835 34
3836 69
3837 75
3838 32
3839 45
3840 68
3841 17
3842 31
3843 72
3844 75
3845 32
3846 40
3847 80
3848 39
3849 33
3850 70
3851 72
3852 14
3853 38
3854 73
3855 39
3856 33
3857 75
3858 81
3859 30
3860 37
3861 80
3862 33
3863 33
3864 77
3865 72
3866 32
3867 94
3868 68
3869 34
3870 33
3871 78
3872 40
3873 32
3874 43
3875 79
3876 33
3877 42
3878 75
3879 40
3880 32
3881 93
3882 1
3883 33
3884 34
3885 75
3886 46
3887 32
3888 83
3889 2
3890 33
3891 100
3892 77
3893 46
3894 37
3895 83
3896 1
3897 33
3898 39
3899 69
3900 40
3901 32
3902 94
3903 68
3904 41
3905 36
3906 82
3907 16
3908 32
3909 80
3910 68
3911 34
3912 39
3913 69
3914 45
3915 19
3916 73
3917 73
3918 33
3919 36
3920 77
3921 45
3922 35
3923 73
3924 79
3925 34
3926 39
3927 81
3928 40
3929 46
3930 73
3931 83
3932 36
3933 39
3934 78
3935 32
3936 46
3937 71
3938 47
3939 41
3940 97
3941 75
3942 32
3943 37
3944 80
3945 47
3946 33
3947 97
3948 72
3949 32
3950 45
3951 73
3952 74
3953 33
3954 97
3955 81
3956 32
3957 45
3958 80
3959 20
3960 33
3961 70
3962 64
3963 32
3964 38
3965 73
3966 73
3967 33
3968 95
3969 70
3970 32
3971 37
3972 73
3973 73
3974 42
3975 39
3976 70
3977 32
3978 37
3979 68
3980 20
3981 33
3982 98
3983 75
3984 32
3985 35
3986 71
3987 33
3988 33
3989 82
3990 70
3991 35
3992 45
3993 71
3994 42
3995 33
3996 92
3997 69
3998 21
3999 96
4000 68
4001 41
4002 39
4003 87
4004 70
4005 32
4006 93
4007 83
4008 33
4009 33
4010 84
4011 70
4012 32
4013 58
4014 79
4015 33
4016 13
4017 92
4018 22
4019 32
4020 35
4021 68
4022 33
4023 34
4024 87
4025 40
4026 32
4027 58
4028 79
4029 42
4030 34
4031 87
4032 22
4033 32
4034 46
4035 68
4036 20
4037 36
4038 84
4039 40
4040 32
4041 80
4042 68
4043 20
4044 34
4045 81
4046 21
4047 37
4048 96
4049 68
4050 20
4051 34
4052 75
4053 43
4054 38
4055 93
4056 68
4057 33
4058 34
4059 75
4060 21
4061 37
4062 85
4063 68
4064 36
4065 36
4066 69
4067 19
4068 37
4069 93
4070 68
4071 34
4072 8
4073 70
4074 19
4075 32
4076 80
4077 73
4078 41
4079 97
4080 75
4081 19
4082 9
4083 52
4084 17
4085 33
4086 39
4087 19
4088 43
4089 40
4090 58
4091 17
4092 33
4093 98
4094 16
4095 43
4096 38
4097 80
4098 41
4099 33
4100 56
4101 70
4102 38
4103 38
4104 80
4105 74
4106 39
4107 39
4108 64
4109 40
4110 9
4111 76
4112 18
4113 39
4114 48
4115 67
4116 40
4117 9
4118 57
4119 17
4120 39
4121 98
4122 19
4123 40
4124 35
4125 83
4126 18
4127 39
4128 42
4129 16
4130 40
4131 37
4132 20
4133 73
4134 34
4135 95
4136 16
4137 37
4138 38
4139 20
4140 17
4141 5
4142 51
4143 16
4144 37
4145 38
4146 85
4147 74
4148 36
4149 59
4150 21
4151 37
4152 12
4153 68
4154 79
4155 36
4156 61
4157 21
4158 37
4159 12
4160 20
4161 83
4162 39
4163 48
4164 72
4165 37
4166 38
4167 71
4168 44
4169 6
4170 97
4171 69
4172 38
4173 50
4174 20
4175 47
4176 5
4177 21
4178 72
4179 37
4180 43
4181 65
4182 17
4183 11
4184 48
4185 72
4186 30
4187 96
4188 17
4189 20
4190 39
4191 21
4192 72
4193 40
4194 49
4195 60
4196 47
4197 36
4198 48
4199 21
4200 38
4201 63
4202 74
4203 20
4204 3
4205 22
4206 32
4207 40
4208 60
4209 65
4210 47
4211 8
4212 21
4213 22
4214 35
4215 49
4216 23
4217 33
4218 44
4219 81
4220 22
4221 32
4222 40
4223 68
4224 33
4225 44
4226 61
4227 16
4228 32
4229 99
4230 68
4231 34
4232 56
4233 51
4234 81
4235 32
4236 23
4237 68
4238 34
4239 33
4240 72
4241 32
4242 35
4243 58
4244 17
4245 44
4246 33
4247 81
4248 21
4249 35
4250 50
4251 66
4252 34
4253 33
4254 22
4255 67
4256 35
4257 50
4258 23
4259 34
4260 48
4261 21
4262 22
4263 35
4264 63
4265 20
4266 47
4267 5
4268 21
4269 46
4270 35
4271 73
4272 68
4273 44
4274 56
4275 62
4276 22
4277 35
4278 57
4279 23
4280 34
4281 56
4282 22
4283 21
4284 7
4285 57
4286 23
4287 6
4288 48
4289 64
4290 45
4291 15
4292 17
4293 23
4294 34
4295 53
4296 67
4297 21
4298 32
4299 57
4300 73
4301 34
4302 11
4303 59
4304 38
4305 9
4306 17
4307 20
4308 14
4309 8
4310 16
4311 40
4312 9
4313 49
4314 73
4315 34
4316 13
4317 22
4318 40
4319 9
4320 65
4321 65
4322 8
4323 51
4324 70
4325 35
4326 9
4327 17
4328 65
4329 13
4330 8
4331 16
4332 15
4333 9
4334 17
4335 68
4336 34
4337 11
4338 72
4339 32
4340 32
4341 17
4342 80
4343 3
4344 16
4345 78
4346 46
4347 32
4348 17
4349 73
4350 33
4351 51
4352 16
4353 35
4354 49
4355 17
4356 80
4357 8
4358 16
4359 16
4360 35
4361 46
4362 17
4363 80
4364 3
4365 30
4366 72
4367 38
4368 2
4369 18
4370 39
4371 6
4372 30
4373 67
4374 38
4375 9
4376 58
4377 39
4378 6
4379 16
4380 67
4381 7
4382 15
4383 63
4384 39
4385 6
4386 16
4387 70
4388 7
4389 49
4390 18
4391 39
4392 6
4393 16
4394 37
4395 7
4396 31
4397 65
4398 85
4399 3
4400 51
4401 67
4402 7
4403 49
4404 68
4405 11
4406 6
4407 16
4408 67
4409 7
4410 50
4411 17
4412 36
4413 3
4414 51
4415 69
4416 15
4417 49
4418 66
4419 97
4420 14
4421 51
4422 69
4423 7
4424 52
4425 65
4426 6
4427 11
4428 51
4429 75
4430 10
4431 10
4432 31
4433 6
4434 11
4435 48
4436 69
4437 7
4438 49
4439 73
4440 5
4441 6
4442 56
4443 72
4444 4
4445 57
4446 66
4447 11
4448 48
4449 67
4450 72
4451 4
4452 4
4453 17
4454 8
4455 8
4456 64
4457 81
4458 9
4459 26
4460 71
4461 8
4462 24
4463 61
4464 72
4465 9
4466 20
4467 73
4468 6
4469 48
4470 64
4471 81
4472 7
4473 26
4474 68
4475 14
4476 22
4477 70
4478 64
4479 37
4480 26
4481 65
4482 6
4483 48
4484 67
4485 10
4486 9
4487 60
4488 65
4489 11
4490 11
4491 69
4492 92
4493 9
4494 58
4495 68
4496 11
4497 27
4498 22
4499 81
4500 7
4501 60
4502 71
4503 11
4504 48
4505 70
4506 10
4507 32
4508 49
4509 68
4510 6
4511 51
4512 64
4513 10
4514 12
4515 20
4516 68
4517 8
4518 48
4519 67
4520 99
4521 38
4522 57
4523 71
4524 13
4525 48
4526 67
4527 70
4528 15
4529 57
4530 73
4531 6
4532 48
4533 64
4534 7
4535 15
4536 20
4537 85
4538 8
4539 48
4540 67
4541 9
4542 10
4543 60
4544 68
4545 39
4546 59
4547 72
4548 9
4549 9
4550 66
4551 68
4552 8
4553 59
4554 64
4555 95
4556 4
4557 65
4558 74
4559 8
4560 16
4561 72
4562 38
4563 37
4564 65
4565 13
4566 13
4567 51
4568 75
4569 9
4570 9
4571 65
4572 13
4573 8
4574 67
4575 67
4576 15
4577 10
4578 65
4579 13
4580 34
4581 53
4582 64
4583 12
4584 10
4585 66
4586 80
4587 8
4588 59
4589 72
4590 15
4591 50
4592 65
4593 85
4594 11
4595 59
4596 67
4597 12
4598 50
4599 65
4600 11
4601 11
4602 78
4603 72
4604 9
4605 18
4606 65
4607 13
4608 6
4609 70
4610 70
4611 9
4612 32
4613 68
4614 14
4615 13
4616 56
4617 70
4618 10
4619 32
4620 65
4621 8
4622 6
4623 59
4624 69
4625 10
4626 50
4627 39
4628 13
4629 48
4630 69
4631 64
4632 9
4633 58
4634 74
4635 94
4636 11
4637 70
4638 70
4639 9
4640 50
4641 65
4642 100
4643 14
4644 59
4645 64
4646 9
4647 49
4648 65
4649 105
4650 14
4651 64
4652 15
4653 40
4654 49
4655 65
4656 14
4657 48
4658 67
4659 89
4660 10
4661 63
4662 65
4663 8
4664 53
4665 16
4666 67
4667 10
4668 50
4669 65
4670 13
4671 51
4672 67
4673 84
4674 37
4675 50
4676 65
4677 39
4678 51
4679 70
4680 77
4681 9
4682 57
4683 66
4684 98
4685 54
4686 67
4687 10
4688 10
4689 60
4690 73
4691 11
4692 54
4693 67
4694 10
4695 10
4696 74
4697 65
4698 42
4699 56
4700 64
4701 89
4702 4
4703 63
4704 65
4705 5
4706 48
4707 69
4708 101
4709 52
4710 17
4711 79
4712 11
4713 51
4714 70
4715 4
4716 12
4717 63
4718 65
4719 48
4720 61
4721 69
4722 15
4723 50
4724 74
4725 65
4726 13
4727 62
4728 72
4729 15
4730 40
4731 66
4732 28
4733 13
4734 51
4735 67
4736 10
4737 12
4738 71
4739 68
4740 11
4741 54
4742 70
4743 29
4744 12
4745 74
4746 6
4747 11
4748 62
4749 69
4750 96
4751 49
4752 68
4753 71
4754 48
4755 51
4756 72
4757 29
4758 43
4759 71
4760 79
4761 36
4762 51
4763 70
4764 10
4765 50
4766 71
4767 76
4768 11
4769 51
4770 72
4771 9
4772 49
4773 66
4774 91
4775 48
4776 70
4777 67
4778 10
4779 50
4780 71
4781 85
4782 48
4783 75
4784 72
4785 49
4786 55
4787 60
4788 73
4789 6
4790 62
4791 67
4792 15
4793 60
4794 73
4795 74
4796 48
4797 59
4798 78
4799 9
4800 58
4801 66
4802 74
4803 48
4804 75
4805 67
4806 55
4807 57
4808 73
4809 59
4810 8
4811 67
4812 70
4813 55
4814 60
4815 73
4816 13
4817 48
4818 75
4819 82
4820 49
4821 57
4822 74
4823 56
4824 6
4825 69
4826 15
4827 10
4828 60
4829 66
4830 53
4831 11
4832 70
4833 82
4834 49
4835 96
4836 68
4837 14
4838 34
4839 81
4840 78
4841 49
4842 101
4843 79
4844 100
4845 33
4846 70
4847 70
4848 10
4849 96
4850 71
4851 59
4852 53
4853 77
4854 72
4855 50
4856 76
4857 74
4858 80
4859 56
4860 75
4861 84
4862 45
4863 76
4864 66
4865 80
4866 56
4867 67
4868 81
4869 10
4870 57
4871 71
4872 53
4873 44
4874 72
4875 15
4876 10
4877 102
4878 74
4879 11
4880 33
4881 64
4882 77
4883 32
4884 66
4885 68
4886 59
4887 44
4888 72
4889 107
4890 46
4891 96
4892 14
4893 54
4894 44
4895 72
4896 84
4897 52
4898 76
4899 80
4900 59
4901 44
4902 72
4903 55
4904 45
4905 65
4906 66
4907 11
4908 44
4909 64
4910 84
4911 50
4912 65
4913 73
4914 62
4915 44
4916 72
4917 55
4918 58
4919 65
4920 80
4921 54
4922 44
4923 67
4924 15
4925 35
4926 65
4927 86
4928 36
4929 98
4930 64
4931 63
4932 35
4933 65
4934 76
4935 36
4936 75
4937 67
4938 84
4939 60
4940 65
4941 85
4942 36
4943 56
4944 67
4945 60
4946 60
4947 76
4948 76
4949 54
4950 56
4951 67
4952 49
4953 40
4954 79
4955 80
4956 54
4957 77
4958 75
4959 50
4960 57
4961 66
4962 51
4963 48
4964 70
4965 78
4966 63
4967 101
4968 68
4969 51
4970 54
4971 70
4972 69
4973 50
4974 101
4975 65
4976 79
4977 56
4978 70
4979 70
4980 49
4981 96
4982 65
4983 62
4984 62
4985 67
4986 70
4987 63
4988 40
4989 71
4990 48
4991 41
4992 100
4993 78
4994 55
4995 96
4996 74
4997 62
4998 59
4999 78
5000 72
5001 49
5002 96
5003 71
5004 11
5005 39
5006 64
5007 67
5008 37
5009 37
5010 73
5011 53
5012 36
5013 64
5014 81
5015 58
5016 96
5017 74
5018 51
5019 39
5020 72
5021 75
5022 63
5023 38
5024 80
5025 51
5026 36
5027 61
5028 82
5029 50
5030 40
5031 73
5032 85
5033 36
5034 72
5035 81
5036 37
5037 76
5038 65
5039 51
5040 36
5041 64
5042 49
5043 58
5044 101
5045 80
5046 51
5047 42
5048 77
5049 81
5050 38
5051 71
5052 68
5053 56
5054 41
5055 72
5056 81
5057 57
5058 40
5059 66
5060 48
5061 41
5062 64
5063 81
5064 63
5065 110
5066 66
5067 51
5068 41
5069 64
5070 81
5071 38
5072 73
5073 76
5074 51
5075 41
5076 64
5077 15
5078 60
5079 71
5080 80
5081 13
5082 103
5083 81
5084 55
5085 60
5086 40
5087 73
5088 59
5089 97
5090 67
5091 15
5092 63
5093 85
5094 73
5095 51
5096 100
5097 72
5098 81
5099 35
5100 101
5101 80
5102 56
5103 100
5104 75
5105 52
5106 45
5107 79
5108 54
5109 86
5110 108
5111 67
5112 63
5113 101
5114 79
5115 80
5116 34
5117 98
5118 72
5119 58
5120 43
5121 73
5122 80
5123 56
5124 98
5125 64
5126 58
5127 43
5128 74
5129 76
5130 56
5131 36
5132 64
5133 55
5134 43
5135 74
5136 76
5137 62
5138 105
5139 72
5140 57
5141 58
5142 73
5143 80
5144 56
5145 47
5146 72
5147 57
5148 99
5149 73
5150 80
5151 100
5152 106
5153 64
5154 82
5155 99
5156 71
5157 53
5158 33
5159 97
5160 77
5161 82
5162 37
5163 74
5164 83
5165 47
5166 78
5167 72
5168 58
5169 35
5170 74
5171 80
5172 100
5173 67
5174 81
5175 81
5176 96
5177 73
5178 56
5179 34
5180 72
5181 81
5182 82
5183 35
5184 74
5185 83
5186 59
5187 77
5188 72
5189 58
5190 32
5191 71
5192 80
5193 59
5194 87
5195 75
5196 81
5197 43
5198 74
5199 83
5200 33
5201 70
5202 77
5203 104
5204 58
5205 66
5206 80
5207 103
5208 77
5209 75
5210 81
5211 57
5212 85
5213 80
5214 97
5215 78
5216 82
5217 104
5218 32
5219 65
5220 80
5221 108
5222 72
5223 70
5224 101
5225 35
5226 22
5227 80
5228 98
5229 33
5230 78
5231 38
5232 96
5233 79
5234 83
5235 44
5236 67
5237 77
5238 38
5239 38
5240 74
5241 80
5242 36
5243 72
5244 81
5245 60
5246 45
5247 83
5248 83
5249 36
5250 67
5251 82
5252 37
5253 73
5254 79
5255 80
5256 98
5257 72
5258 87
5259 63
5260 73
5261 80
5262 80
5263 105
5264 64
5265 84
5266 60
5267 101
5268 80
5269 62
5270 26
5271 67
5272 81
5273 38
5274 96
5275 48
5276 61
5277 26
5278 72
5279 82
5280 35
5281 96
5282 80
5283 100
5284 36
5285 67
5286 81
5287 101
5288 35
5289 80
5290 93
5291 100
5292 67
5293 81
5294 40
5295 74
5296 76
5297 59
5298 39
5299 69
5300 81
5301 40
5302 73
5303 76
5304 39
5305 39
5306 70
5307 81
5308 38
5309 37
5310 83
5311 36
5312 39
5313 81
5314 81
5315 102
5316 79
5317 71
5318 36
5319 36
5320 77
5321 81
5322 38
5323 74
5324 71
5325 39
5326 103
5327 69
5328 30
5329 96
5330 74
5331 83
5332 28
5333 41
5334 77
5335 82
5336 38
5337 76
5338 79
5339 39
5340 75
5341 75
5342 81
5343 37
5344 79
5345 76
5346 100
5347 100
5348 78
5349 81
5350 38
5351 74
5352 76
5353 28
5354 42
5355 75
5356 81
5357 46
5358 68
5359 85
5360 36
5361 77
5362 78
5363 87
5364 43
5365 76
5366 74
5367 28
5368 97
5369 78
5370 82
5371 37
5372 73
5373 80
5374 36
5375 98
5376 72
5377 84
5378 107
5379 73
5380 74
5381 44
5382 72
5383 77
5384 90
5385 40
5386 68
5387 31
5388 33
5389 78
5390 77
5391 87
5392 38
5393 68
5394 83
5395 106
5396 72
5397 72
5398 32
5399 96
5400 93
5401 80
5402 47
5403 72
5404 21
5405 81
5406 96
5407 80
5408 80
5409 42
5410 95
5411 78
5412 81
5413 101
5414 76
5415 83
5416 33
5417 97
5418 72
5419 35
5420 96
5421 80
5422 80
5423 47
5424 72
5425 81
5426 32
5427 96
5428 76
5429 80
5430 36
5431 98
5432 81
5433 32
5434 74
5435 83
5436 83
5437 33
5438 105
5439 15
5440 32
5441 101
5442 76
5443 80
5444 33
5445 77
5446 72
5447 45
5448 96
5449 73
5450 80
5451 41
5452 77
5453 70
5454 35
5455 76
5456 86
5457 80
5458 34
5459 92
5460 77
5461 32
5462 76
5463 74
5464 91
5465 97
5466 77
5467 89
5468 21
5469 101
5470 74
5471 94
5472 34
5473 75
5474 81
5475 32
5476 79
5477 74
5478 26
5479 33
5480 70
5481 81
5482 35
5483 79
5484 83
5485 26
5486 34
5487 72
5488 87
5489 22
5490 79
5491 62
5492 26
5493 25
5494 82
5495 81
5496 24
5497 79
5498 71
5499 26
5500 36
5501 82
5502 95
5503 21
5504 73
5505 80
5506 34
5507 47
5508 77
5509 21
5510 22
5511 99
5512 80
5513 103
5514 26
5515 78
5516 84
5517 22
5518 88
5519 62
5520 25
5521 100
5522 75
5523 82
5524 22
5525 79
5526 80
5527 25
5528 20
5529 81
5530 89
5531 22
5532 79
5533 62
5534 25
5535 100
5536 81
5537 84
5538 35
5539 68
5540 83
5541 26
5542 72
5543 81
5544 29
5545 22
5546 88
5547 80
5548 23
5549 23
5550 77
5551 90
5552 35
5553 86
5554 80
5555 33
5556 26
5557 82
5558 24
5559 22
5560 79
5561 83
5562 39
5563 20
5564 75
5565 29
5566 21
5567 79
5568 83
5569 41
5570 78
5571 84
5572 37
5573 22
5574 79
5575 85
5576 28
5577 98
5578 77
5579 37
5580 21
5581 83
5582 86
5583 33
5584 97
5585 75
5586 30
5587 96
5588 83
5589 83
5590 23
5591 72
5592 30
5593 24
5594 21
5595 71
5596 85
5597 34
5598 78
5599 82
5600 40
5601 40
5602 74
5603 85
5604 20
5605 106
5606 70
5607 40
5608 104
5609 83
5610 28
5611 36
5612 89
5613 72
5614 29
5615 99
5616 83
5617 36
5618 41
5619 108
5620 72
5621 37
5622 104
5623 80
5624 94
5625 34
5626 72
5627 81
5628 37
5629 99
5630 80
5631 128
5632 31
5633 72
5634 81
5635 43
5636 99
5637 80
5638 26
5639 41
5640 81
5641 81
5642 37
5643 96
5644 80
5645 36
5646 33
5647 78
5648 27
5649 30
5650 24
5651 80
5652 26
5653 28
5654 77
5655 82
5656 38
5657 83
5658 74
5659 25
5660 28
5661 81
5662 81
5663 37
5664 83
5665 80
5666 33
5667 98
5668 77
5669 82
5670 30
5671 102
5672 80
5673 125
5674 28
5675 81
5676 29
5677 32
5678 85
5679 80
5680 28
5681 28
5682 77
5683 81
5684 35
5685 99
5686 80
5687 28
5688 97
5689 81
5690 95
5691 29
5692 96
5693 80
5694 28
5695 31
5696 77
5697 82
5698 29
5699 76
5700 71
5701 34
5702 98
5703 82
5704 87
5705 32
5706 96
5707 80
5708 20
5709 31
5710 81
5711 87
5712 21
5713 99
5714 80
5715 26
5716 31
5717 84
5718 46
5719 29
5720 104
5721 25
5722 34
5723 28
5724 81
5725 84
5726 29
5727 73
5728 85
5729 39
5730 98
5731 81
5732 122
5733 30
5734 73
5735 80
5736 25
5737 31
5738 75
5739 27
5740 24
5741 80
5742 83
5743 25
5744 103
5745 81
5746 32
5747 24
5748 93
5749 80
5750 33
5751 98
5752 81
5753 32
5754 30
5755 80
5756 80
5757 31
5758 97
5759 22
5760 27
5761 32
5762 80
5763 74
5764 34
5765 97
5766 81
5767 27
5768 99
5769 80
5770 26
5771 31
5772 97
5773 81
5774 35
5775 27
5776 80
5777 83
5778 23
5779 98
5780 87
5781 32
5782 27
5783 80
5784 13
5785 33
5786 87
5787 82
5788 29
5789 96
5790 86
5791 28
5792 23
5793 98
5794 81
5795 30
5796 24
5797 80
5798 28
5799 26
5800 84
5801 84
5802 37
5803 27
5804 85
5805 80
5806 25
5807 87
5808 82
5809 35
5810 96
5811 76
5812 126
5813 34
5814 90
5815 81
5816 32
5817 96
5818 73
5819 31
5820 41
5821 84
5822 78
5823 32
5824 96
5825 85
5826 31
5827 31
5828 81
5829 82
5830 32
5831 99
5832 17
5833 39
5834 56
5835 82
5836 81
5837 32
5838 96
5839 83
5840 36
5841 97
5842 82
5843 29
5844 27
5845 99
5846 80
5847 31
5848 25
5849 82
5850 87
5851 35
5852 96
5853 85
5854 36
5855 26
5856 81
5857 87
5858 24
5859 101
5860 80
5861 31
5862 98
5863 81
5864 87
5865 24
5866 99
5867 80
5868 33
5869 97
5870 81
5871 82
5872 37
5873 101
5874 73
5875 28
5876 100
5877 81
5878 82
5879 99
5880 101
5881 83
5882 28
5883 26
5884 81
5885 29
5886 27
5887 99
5888 85
5889 31
5890 100
5891 81
5892 89
5893 27
5894 83
5895 80
5896 33
5897 97
5898 81
5899 29
5900 22
5901 80
5902 28
5903 31
5904 97
5905 77
5906 30
5907 29
5908 80
5909 31
5910 39
5911 97
5912 21
5913 29
5914 30
5915 80
5916 28
5917 28
5918 97
5919 82
5920 29
5921 102
5922 102
5923 86
5924 28
5925 97
5926 82
5927 29
5928 29
5929 83
5930 28
5931 33
5932 97
5933 78
5934 35
5935 96
5936 85
5937 85
5938 28
5939 98
5940 84
5941 29
5942 96
5943 80
5944 34
5945 33
5946 97
5947 72
5948 35
5949 99
5950 86
5951 33
5952 33
5953 81
5954 72
5955 37
5956 96
5957 83
5958 34
5959 28
5960 81
5961 87
5962 37
5963 29
5964 80
5965 33
5966 44
5967 72
5968 82
5969 35
5970 99
5971 85
5972 33
5973 97
5974 81
5975 82
5976 32
5977 96
5978 80
5979 33
5980 41
5981 81
5982 87
5983 35
5984 99
5985 83
5986 33
5987 31
5988 82
5989 82
5990 32
5991 80
5992 80
5993 26
5994 97
5995 81
5996 81
5997 30
5998 101
5999 74
6000 34
6001 47
6002 81
6003 82
6004 32
6005 99
6006 83
6007 34
6008 100
6009 81
6010 82
6011 35
6012 99
6013 80
6014 26
6015 98
6016 92
6017 82
6018 32
6019 99
6020 83
6021 33
6022 56
6023 81
6024 81
6025 35
6026 102
6027 83
6028 33
6029 97
6030 81
6031 35
6032 32
6033 99
6034 80
6035 33
6036 97
6037 82
6038 32
6039 32
6040 85
6041 79
6042 34
6043 98
6044 77
6045 29
6046 24
6047 93
6048 94
6049 26
6050 97
6051 87
6052 35
6053 96
6054 49
6055 83
6056 33
6057 97
6058 82
6059 92
6060 99
6061 99
6062 83
6063 34
6064 97
6065 82
6066 92
6067 45
6068 99
6069 94
6070 36
6071 98
6072 82
6073 46
6074 102
6075 85
6076 83
6077 34
6078 98
6079 82
6080 38
6081 101
6082 52
6083 94
6084 33
6085 98
6086 81
6087 35
6088 101
6089 83
6090 93
6091 33
6092 98
6093 77
6094 35
6095 32
6096 109
6097 83
6098 44
6099 90
6100 81
6101 38
6102 99
6103 83
6104 36
6105 106
6106 98
6107 89
6108 37
6109 99
6110 83
6111 83
6112 36
6113 84
6114 67
6115 29
6116 24
6117 80
6118 36
6119 42
6120 98
6121 81
6122 32
6123 96
6124 85
6125 36
6126 28
6127 81
6128 81
6129 32
6130 99
6131 85
6132 28
6133 41
6134 100
6135 87
6136 29
6137 99
6138 79
6139 36
6140 41
6141 100
6142 29
6143 35
6144 99
6145 79
6146 31
6147 98
6148 87
6149 82
6150 29
6151 99
6152 74
6153 36
6154 42
6155 48
6156 82
6157 35
6158 101
6159 50
6160 31
6161 34
6162 48
6163 78
6164 35
6165 99
6166 79
6167 34
6168 97
6169 48
6170 87
6171 37
6172 99
6173 74
6174 28
6175 28
6176 51
6177 128
6178 37
6179 99
6180 26
6181 33
6182 98
6183 82
6184 77
6185 38
6186 96
6187 74
6188 33
6189 97
6190 87
6191 128
6192 37
6193 80
6194 83
6195 31
6196 97
6197 87
6198 37
6199 96
6200 49
6201 80
6202 33
6203 97
6204 48
6205 87
6206 40
6207 99
6208 83
6209 42
6210 81
6211 82
6212 35
6213 32
6214 80
6215 86
6216 33
6217 98
6218 53
6219 35
6220 96
6221 80
6222 86
6223 33
6224 98
6225 81
6226 75
6227 96
6228 60
6229 74
6230 33
6231 98
6232 21
6233 35
6234 99
6235 96
6236 83
6237 33
6238 98
6239 48
6240 32
6241 96
6242 80
6243 80
6244 41
6245 97
6246 48
6247 37
6248 99
6249 93
6250 85
6251 33
6252 98
6253 48
6254 128
6255 35
6256 99
6257 34
6258 33
6259 100
6260 77
6261 29
6262 96
6263 50
6264 80
6265 31
6266 97
6267 82
6268 35
6269 99
6270 57
6271 85
6272 34
6273 98
6274 82
6275 35
6276 99
6277 83
6278 76
6279 120
6280 97
6281 48
6282 35
6283 96
6284 80
6285 93
6286 42
6287 97
6288 92
6289 46
6290 99
6291 83
6292 44
6293 103
6294 97
6295 89
6296 37
6297 96
6298 49
6299 93
6300 103
6301 82
6302 81
6303 43
6304 77
6305 83
6306 39
6307 98
6308 54
6309 82
6310 29
6311 96
6312 49
6313 31
6314 44
6315 54
6316 117
6317 109
6318 96
6319 55
6320 44
6321 100
6322 82
6323 128
6324 45
6325 83
6326 73
6327 129
6328 103
6329 56
6330 82
6331 45
6332 99
6333 80
6334 47
6335 97
6336 108
6337 95
6338 30
6339 96
6340 80
6341 39
6342 100
6343 54
6344 128
6345 45
6346 52
6347 55
6348 41
6349 100
6350 53
6351 95
6352 43
6353 55
6354 91
6355 47
6356 100
6357 53
6358 95
6359 102
6360 57
6361 80
6362 34
6363 100
6364 53
6365 128
6366 35
6367 55
6368 80
6369 41
6370 97
6371 54
6372 95
6373 29
6374 96
6375 58
6376 41
6377 97
6378 54
6379 118
6380 40
6381 52
6382 91
6383 31
6384 97
6385 51
6386 38
6387 96
6388 52
6389 91
6390 31
6391 98
6392 84
6393 128
6394 99
6395 55
6396 114
6397 31
6398 84
6399 77
6400 128
6401 99
6402 55
6403 26
6404 41
6405 100
6406 81
6407 38
6408 30
6409 104
6410 116
6411 41
6412 97
6413 82
6414 38
6415 102
6416 96
6417 88
6418 100
6419 100
6420 81
6421 43
6422 99
6423 50
6424 93
6425 28
6426 53
6427 81
6428 43
6429 63
6430 55
6431 94
6432 41
6433 97
6434 54
6435 40
6436 77
6437 49
6438 94
6439 98
6440 53
6441 64
6442 40
6443 101
6444 55
6445 129
6446 42
6447 100
6448 82
6449 40
6450 29
6451 55
6452 121
6453 28
6454 97
6455 89
6456 29
6457 101
6458 50
6459 121
6460 98
6461 53
6462 89
6463 38
6464 50
6465 109
6466 88
6467 28
6468 51
6469 95
6470 37
6471 99
6472 80
6473 128
6474 98
6475 62
6476 90
6477 29
6478 101
6479 80
6480 41
6481 28
6482 62
6483 89
6484 29
6485 101
6486 50
6487 130
6488 98
6489 48
6490 120
6491 29
6492 50
6493 93
6494 130
6495 28
6496 51
6497 95
6498 107
6499 101
6500 94
6501 129
6502 97
6503 48
6504 123
6505 29
6506 49
6507 65
6508 42
6509 106
6510 48
6511 115
6512 29
6513 101
6514 49
6515 31
6516 106
6517 51
6518 95
6519 110
6520 50
6521 113
6522 129
6523 98
6524 48
6525 126
6526 99
6527 50
6528 49
6529 129
6530 53
6531 48
6532 120
6533 102
6534 49
6535 113
6536 108
6537 98
6538 48
6539 46
6540 128
6541 49
6542 114
6543 129
6544 100
6545 48
6546 128
6547 131
6548 50
6549 114
6550 44
6551 53
6552 51
6553 46
6554 99
6555 52
6556 113
6557 44
6558 11
6559 87
6560 78
6561 102
6562 49
6563 119
6564 44
6565 53
6566 82
6567 128
6568 99
6569 49
6570 113
6571 44
6572 105
6573 84
6574 131
6575 99
6576 49
6577 25
6578 28
6579 53
6580 51
6581 32
6582 110
6583 52
6584 76
6585 34
6586 54
6587 115
6588 128
6589 96
6590 55
6591 66
6592 130
6593 98
6594 67
6595 128
6596 96
6597 55
6598 114
6599 108
6600 48
6601 115
6602 128
6603 104
6604 57
6605 116
6606 129
6607 51
6608 115
6609 128
6610 96
6611 85
6612 114
6613 129
6614 51
6615 112
6616 46
6617 52
6618 50
6619 121
6620 28
6621 48
6622 97
6623 24
6624 15
6625 91
6626 116
6627 28
6628 51
6629 115
6630 128
6631 50
6632 114
6633 79
6634 97
6635 53
6636 112
6637 45
6638 50
6639 96
6640 116
6641 61
6642 106
6643 117
6644 128
6645 96
6646 86
6647 116
6648 61
6649 51
6650 117
6651 128
6652 55
6653 109
6654 31
6655 61
6656 48
6657 117
6658 128
6659 50
6660 116
6661 127
6662 97
6663 84
6664 78
6665 128
6666 55
6667 109
6668 116
6669 106
6670 105
6671 78
6672 128
6673 10
6674 88
6675 114
6676 106
6677 14
6678 115
6679 128
6680 49
6681 109
6682 41
6683 48
6684 100
6685 24
6686 128
6687 12
6688 52
6689 130
6690 62
6691 111
6692 118
6693 128
6694 60
6695 113
6696 130
6697 48
6698 51
6699 112
6700 63
6701 57
6702 79
6703 129
6704 62
6705 48
6706 118
6707 63
6708 50
6709 113
6710 129
6711 51
6712 48
6713 112
6714 63
6715 15
6716 113
6717 129
6718 48
6719 105
6720 112
6721 128
6722 49
6723 76
6724 129
6725 48
6726 82
6727 117
6728 49
6729 101
6730 113
6731 31
6732 14
6733 106
6734 112
6735 60
6736 101
6737 113
6738 129
6739 14
6740 100
6741 117
6742 63
6743 57
6744 113
6745 129
6746 62
6747 112
6748 117
6749 12
6750 15
6751 113
6752 129
6753 14
6754 77
6755 125
6756 60
6757 110
6758 76
6759 129
6760 48
6761 106
6762 128
6763 63
6764 107
6765 26
6766 31
6767 6
6768 97
6769 29
6770 63
6771 80
6772 79
6773 129
6774 11
6775 106
6776 29
6777 110
6778 99
6779 116
6780 129
6781 108
6782 111
6783 29
6784 60
6785 99
6786 25
6787 129
6788 61
6789 108
6790 128
6791 49
6792 80
6793 119
6794 129
6795 51
6796 112
6797 131
6798 57
6799 83
6800 113
6801 129
6802 108
6803 112
6804 128
6805 55
6806 96
6807 31
6808 53
6809 13
6810 105
6811 128
6812 50
6813 110
6814 31
6815 129
6816 100
6817 115
6818 131
6819 15
6820 104
6821 31
6822 56
6823 11
6824 105
6825 131
6826 50
6827 102
6828 116
6829 53
6830 14
6831 115
6832 128
6833 50
6834 71
6835 116
6836 56
6837 11
6838 112
6839 131
6840 15
6841 104
6842 116
6843 54
6844 111
6845 117
6846 128
6847 57
6848 107
6849 122
6850 53
6851 105
6852 115
6853 29
6854 55
6855 113
6856 114
6857 51
6858 111
6859 112
6860 58
6861 12
6862 74
6863 116
6864 53
6865 87
6866 117
6867 55
6868 110
6869 107
6870 129
6871 129
6872 98
6873 118
6874 128
6875 10
6876 71
6877 93
6878 54
6879 106
6880 117
6881 29
6882 12
6883 79
6884 130
6885 48
6886 98
6887 112
6888 63
6889 122
6890 113
6891 130
6892 48
6893 106
6894 29
6895 63
6896 12
6897 110
6898 130
6899 53
6900 118
6901 118
6902 57
6903 12
6904 110
6905 130
6906 48
6907 123
6908 120
6909 57
6910 49
6911 114
6912 129
6913 111
6914 72
6915 131
6916 57
6917 109
6918 113
6919 129
6920 13
6921 108
6922 112
6923 57
6924 121
6925 113
6926 130
6927 137
6928 75
6929 118
6930 128
6931 121
6932 116
6933 129
6934 53
6935 112
6936 120
6937 58
6938 104
6939 113
6940 130
6941 51
6942 98
6943 118
6944 55
6945 137
6946 113
6947 61
6948 48
6949 111
6950 112
6951 50
6952 122
6953 119
6954 130
6955 105
6956 118
6957 128
6958 50
6959 109
6960 113
6961 48
6962 14
6963 115
6964 120
6965 50
6966 109
6967 121
6968 59
6969 140
6970 67
6971 78
6972 50
6973 113
6974 119
6975 48
6976 106
6977 115
6978 128
6979 60
6980 116
6981 116
6982 61
6983 106
6984 105
6985 128
6986 52
6987 79
6988 79
6989 54
6990 14
6991 70
6992 60
6993 60
6994 104
6995 119
6996 51
6997 11
6998 77
6999 63
7000 49
7001 104
7002 129
7003 51
7004 111
7005 118
7006 131
7007 12
7008 65
7009 116
7010 48
7011 105
7012 115
7013 63
7014 60
7015 113
7016 116
7017 51
7018 120
7019 115
7020 63
7021 50
7022 109
7023 122
7024 51
7025 14
7026 117
7027 50
7028 50
7029 104
7030 129
7031 51
7032 105
7033 115
7034 50
7035 63
7036 65
7037 130
7038 48
7039 115
7040 115
7041 60
7042 107
7043 74
7044 130
7045 53
7046 105
7047 115
7048 60
7049 49
7050 107
7051 130
7052 48
7053 118
7054 112
7055 50
7056 50
7057 113
7058 130
7059 48
7060 112
7061 77
7062 60
7063 104
7064 65
7065 130
7066 61
7067 105
7068 112
7069 57
7070 104
7071 113
7072 59
7073 51
7074 106
7075 118
7076 50
7077 104
7078 113
7079 59
7080 56
7081 120
7082 126
7083 57
7084 12
7085 113
7086 53
7087 51
7088 108
7089 112
7090 50
7091 43
7092 71
7093 56
7094 51
7095 111
7096 115
7097 49
7098 15
7099 71
7100 56
7101 53
7102 112
7103 112
7104 49
7105 83
7106 114
7107 56
7108 117
7109 106
7110 128
7111 49
7112 116
7113 113
7114 56
7115 130
7116 78
7117 115
7118 49
7119 121
7120 114
7121 56
7122 117
7123 75
7124 115
7125 55
7126 116
7127 116
7128 53
7129 140
7130 112
7131 118
7132 50
7133 121
7134 114
7135 48
7136 140
7137 115
7138 128
7139 52
7140 124
7141 119
7142 53
7143 140
7144 112
7145 128
7146 55
7147 110
7148 116
7149 54
7150 120
7151 115
7152 52
7153 55
7154 116
7155 116
7156 48
7157 129
7158 112
7159 115
7160 55
7161 121
7162 114
7163 53
7164 129
7165 112
7166 57
7167 58
7168 110
7169 113
7170 53
7171 108
7172 75
7173 57
7174 128
7175 116
7176 119
7177 53
7178 106
7179 112
7180 57
7181 57
7182 73
7183 119
7184 53
7185 120
7186 117
7187 52
7188 128
7189 113
7190 114
7191 53
7192 118
7193 120
7194 63
7195 128
7196 104
7197 129
7198 51
7199 111
7200 112
7201 52
7202 55
7203 107
7204 62
7205 53
7206 117
7207 112
7208 52
7209 128
7210 110
7211 62
7212 135
7213 111
7214 120
7215 52
7216 139
7217 96
7218 61
7219 53
7220 123
7221 117
7222 52
7223 145
7224 76
7225 62
7226 130
7227 123
7228 118
7229 57
7230 122
7231 76
7232 61
7233 48
7234 112
7235 117
7236 55
7237 145
7238 71
7239 61
7240 48
7241 112
7242 117
7243 128
7244 133
7245 71
7246 61
7247 130
7248 70
7249 117
7250 52
7251 142
7252 45
7253 59
7254 56
7255 112
7256 63
7257 50
7258 122
7259 113
7260 61
7261 130
7262 72
7263 118
7264 50
7265 114
7266 110
7267 56
7268 129
7269 111
7270 60
7271 50
7272 113
7273 68
7274 61
7275 129
7276 112
7277 128
7278 50
7279 114
7280 114
7281 51
7282 130
7283 115
7284 60
7285 58
7286 113
7287 114
7288 51
7289 138
7290 108
7291 120
7292 49
7293 114
7294 116
7295 56
7296 115
7297 70
7298 60
7299 49
7300 114
7301 116
7302 54
7303 62
7304 115
7305 60
7306 128
7307 113
7308 102
7309 61
7310 140
7311 72
7312 50
7313 58
7314 124
7315 113
7316 51
7317 130
7318 115
7319 57
7320 128
7321 113
7322 127
7323 54
7324 130
7325 115
7326 63
7327 128
7328 114
7329 113
7330 61
7331 126
7332 42
7333 50
7334 63
7335 101
7336 124
7337 51
7338 132
7339 105
7340 57
7341 63
7342 113
7343 116
7344 56
7345 41
7346 41
7347 60
7348 63
7349 40
7350 124
7351 56
7352 132
7353 42
7354 52
7355 128
7356 43
7357 124
7358 56
7359 120
7360 112
7361 60
7362 128
7363 43
7364 61
7365 129
7366 117
7367 118
7368 128
7369 128
7370 76
7371 56
7372 129
7373 120
7374 115
7375 52
7376 63
7377 73
7378 56
7379 48
7380 108
7381 117
7382 60
7383 122
7384 73
7385 56
7386 54
7387 106
7388 58
7389 52
7390 128
7391 40
7392 130
7393 129
7394 106
7395 112
7396 60
7397 128
7398 43
7399 137
7400 54
7401 115
7402 118
7403 55
7404 128
7405 68
7406 137
7407 129
7408 115
7409 39
7410 52
7411 128
7412 65
7413 59
7414 129
7415 112
7416 120
7417 128
7418 122
7419 43
7420 54
7421 53
7422 112
7423 120
7424 58
7425 142
7426 107
7427 54
7428 129
7429 41
7430 100
7431 52
7432 116
7433 113
7434 54
7435 129
7436 42
7437 112
7438 57
7439 116
7440 32
7441 53
7442 130
7443 117
7444 105
7445 52
7446 116
7447 38
7448 130
7449 137
7450 77
7451 105
7452 55
7453 86
7454 40
7455 130
7456 118
7457 82
7458 95
7459 57
7460 116
7461 40
7462 53
7463 135
7464 36
7465 117
7466 55
7467 122
7468 37
7469 54
7470 135
7471 44
7472 55
7473 55
7474 116
7475 107
7476 130
7477 117
7478 78
7479 55
7480 63
7481 114
7482 119
7483 62
7484 117
7485 33
7486 55
7487 58
7488 114
7489 96
7490 56
7491 125
7492 41
7493 57
7494 128
7495 83
7496 96
7497 54
7498 44
7499 33
7500 131
7501 128
7502 113
7503 96
7504 59
7505 47
7506 34
7507 58
7508 131
7509 86
7510 102
7511 59
7512 123
7513 33
7514 131
7515 35
7516 113
7517 96
7518 130
7519 117
7520 47
7521 133
7522 139
7523 35
7524 96
7525 53
7526 112
7527 33
7528 63
7529 50
7530 40
7531 109
7532 129
7533 44
7534 33
7535 136
7536 139
7537 32
7538 96
7539 132
7540 112
7541 47
7542 63
7543 128
7544 45
7545 62
7546 129
7547 44
7548 47
7549 63
7550 128
7551 116
7552 61
7553 62
7554 33
7555 33
7556 50
7557 114
7558 32
7559 104
7560 129
7561 33
7562 47
7563 60
7564 113
7565 35
7566 99
7567 129
7568 33
7569 98
7570 128
7571 40
7572 40
7573 61
7574 129
7575 33
7576 60
7577 128
7578 113
7579 32
7580 62
7581 51
7582 34
7583 142
7584 128
7585 114
7586 32
7587 61
7588 61
7589 34
7590 97
7591 60
7592 127
7593 43
7594 62
7595 132
7596 33
7597 100
7598 60
7599 113
7600 32
7601 129
7602 48
7603 34
7604 63
7605 128
7606 113
7607 35
7608 61
7609 129
7610 33
7611 106
7612 60
7613 113
7614 40
7615 61
7616 39
7617 39
7618 98
7619 128
7620 43
7621 32
7622 130
7623 51
7624 36
7625 98
7626 128
7627 43
7628 102
7629 129
7630 48
7631 41
7632 63
7633 128
7634 43
7635 56
7636 129
7637 39
7638 42
7639 100
7640 131
7641 38
7642 101
7643 130
7644 36
7645 36
7646 100
7647 131
7648 37
7649 101
7650 129
7651 39
7652 34
7653 98
7654 131
7655 40
7656 107
7657 129
7658 42
7659 25
7660 97
7661 49
7662 32
7663 101
7664 130
7665 42
7666 33
7667 97
7668 131
7669 32
7670 56
7671 135
7672 42
7673 28
7674 128
7675 128
7676 32
7677 59
7678 130
7679 36
7680 36
7681 133
7682 133
7683 38
7684 54
7685 129
7686 41
7687 36
7688 55
7689 119
7690 38
7691 54
7692 129
7693 41
7694 41
7695 58
7696 128
7697 43
7698 54
7699 129
7700 34
7701 41
7702 106
7703 141
7704 76
7705 104
7706 129
7707 42
7708 39
7709 55
7710 141
7711 35
7712 101
7713 135
7714 41
7715 103
7716 52
7717 32
7718 35
7719 110
7720 129
7721 36
7722 97
7723 128
7724 133
7725 35
7726 102
7727 129
7728 33
7729 98
7730 128
7731 142
7732 37
7733 54
7734 47
7735 34
7736 98
7737 128
7738 45
7739 37
7740 102
7741 129
7742 34
7743 41
7744 128
7745 127
7746 40
7747 99
7748 129
7749 34
7750 58
7751 133
7752 46
7753 40
7754 99
7755 44
7756 42
7757 98
7758 128
7759 45
7760 32
7761 104
7762 33
7763 34
7764 97
7765 131
7766 35
7767 99
7768 129
7769 44
7770 42
7771 98
7772 128
7773 45
7774 45
7775 129
7776 47
7777 34
7778 98
7779 128
7780 35
7781 45
7782 129
7783 137
7784 39
7785 98
7786 128
7787 32
7788 99
7789 129
7790 44
7791 33
7792 100
7793 128
7794 32
7795 96
7796 129
7797 44
7798 33
7799 98
7800 128
7801 116
7802 104
7803 129
7804 137
7805 33
7806 98
7807 128
7808 43
7809 102
7810 129
7811 140
7812 33
7813 98
7814 128
7815 32
7816 96
7817 129
7818 33
7819 47
7820 98
7821 128
7822 32
7823 46
7824 129
7825 47
7826 33
7827 97
7828 131
7829 32
7830 99
7831 96
7832 33
7833 44
7834 98
7835 131
7836 32
7837 45
7838 129
7839 34
7840 33
7841 111
7842 131
7843 32
7844 96
7845 129
7846 34
7847 33
7848 63
7849 43
7850 35
7851 96
7852 129
7853 33
7854 34
7855 97
7856 38
7857 35
7858 96
7859 130
7860 33
7861 33
7862 97
7863 131
7864 35
7865 62
7866 130
7867 33
7868 105
7869 103
7870 134
7871 46
7872 96
7873 130
7874 42
7875 100
7876 97
7877 40
7878 32
7879 96
7880 130
7881 33
7882 100
7883 97
7884 40
7885 32
7886 101
7887 129
7888 39
7889 47
7890 103
7891 136
7892 40
7893 99
7894 129
7895 41
7896 97
7897 98
7898 37
7899 122
7900 96
7901 130
7902 34
7903 97
7904 98
7905 43
7906 46
7907 99
7908 129
7909 36
7910 98
7911 98
7912 37
7913 46
7914 96
7915 39
7916 34
7917 97
7918 105
7919 32
7920 46
7921 96
7922 130
7923 34
7924 97
7925 131
7926 38
7927 110
7928 96
7929 130
7930 33
7931 97
7932 108
7933 40
7934 45
7935 130
7936 44
7937 33
7938 103
7939 128
7940 43
7941 86
7942 104
7943 42
7944 33
7945 103
7946 131
7947 37
7948 102
7949 96
7950 42
7951 33
7952 97
7953 131
7954 37
7955 38
7956 99
7957 41
7958 36
7959 98
7960 128
7961 35
7962 43
7963 99
7964 129
7965 36
7966 97
7967 128
7968 35
7969 99
7970 101
7971 33
7972 36
7973 98
7974 128
7975 32
7976 101
7977 99
7978 36
7979 125
7980 98
7981 131
7982 37
7983 96
7984 129
7985 129
7986 36
7987 105
7988 131
7989 37
7990 101
7991 129
7992 36
7993 41
7994 97
7995 46
7996 32
7997 99
7998 99
7999 36
8000 41
8001 98
8002 131
8003 35
8004 99
8005 129
8006 44
8007 44
8008 97
8009 128
8010 35
8011 96
8012 104
8013 36
8014 97
8015 97
8016 131
8017 40
8018 101
8019 110
8020 34
8021 39
8022 97
8023 46
8024 37
8025 88
8026 130
8027 36
8028 69
8029 98
8030 128
8031 37
8032 96
8033 130
8034 34
8035 97
8036 97
8037 136
8038 32
8039 96
8040 109
8041 33
8042 106
8043 103
8044 46
8045 32
8046 96
8047 129
8048 36
8049 97
8050 100
8051 46
8052 32
8053 96
8054 130
8055 33
8056 41
8057 97
8058 45
8059 38
8060 99
8061 129
8062 33
8063 97
8064 103
8065 40
8066 32
8067 96
8068 130
8069 33
8070 100
8071 100
8072 45
8073 45
8074 96
8075 130
8076 33
8077 100
8078 103
8079 45
8080 32
8081 102
8082 130
8083 39
8084 100
8085 105
8086 43
8087 35
8088 96
8089 130
8090 34
8091 98
8092 134
8093 43
8094 45
8095 96
8096 130
8097 33
8098 98
8099 103
8100 35
8101 35
8102 109
8103 130
8104 33
8105 84
8106 134
8107 37
8108 35
8109 101
8110 135
8111 39
8112 82
8113 131
8114 35
8115 32
8116 104
8117 130
8118 34
8119 95
8120 134
8121 35
8122 109
8123 101
8124 47
8125 41
8126 105
8127 128
8128 35
8129 46
8130 102
8131 47
8132 44
8133 98
8134 131
8135 32
8136 46
8137 109
8138 42
8139 44
8140 98
8141 131
8142 40
8143 91
8144 96
8145 130
8146 117
8147 100
8148 131
8149 35
8150 96
8151 99
8152 44
8153 117
8154 103
8155 128
8156 35
8157 99
8158 129
8159 36
8160 47
8161 97
8162 128
8163 35
8164 85
8165 129
8166 39
8167 84
8168 98
8169 128
8170 32
8171 96
8172 109
8173 44
8174 105
8175 98
8176 128
8177 40
8178 96
8179 99
8180 42
8181 42
8182 98
8183 131
8184 32
8185 88
8186 129
8187 34
8188 105
8189 97
8190 131
8191 32
8192 101
8193 129
8194 39
8195 84
8196 106
8197 38
8198 38
8199 101
8200 102
8201 33
8202 97
8203 97
8204 131
8205 35
8206 96
8207 107
8208 33
8209 105
8210 98
8211 128
8212 37
8213 101
8214 129
8215 36
8216 111
8217 98
8218 128
8219 43
8220 99
8221 129
8222 34
8223 97
8224 98
8225 45
8226 37
8227 99
8228 129
8229 36
8230 89
8231 98
8232 131
8233 37
8234 104
8235 130
8236 34
8237 89
8238 97
8239 136
8240 40
8241 96
8242 129
8243 33
8244 89
8245 100
8246 46
8247 43
8248 101
8249 129
8250 34
8251 84
8252 103
8253 43
8254 43
8255 96
8256 130
8257 33
8258 82
8259 105
8260 43
8261 104
8262 102
8263 130
8264 33
8265 90
8266 98
8267 37
8268 104
8269 102
8270 130
8271 34
8272 98
8273 105
8274 43
8275 86
8276 102
8277 129
8278 34
8279 103
8280 131
8281 37
8282 109
8283 96
8284 129
8285 34
8286 103
8287 131
8288 32
8289 43
8290 99
8291 44
8292 41
8293 97
8294 128
8295 32
8296 107
8297 101
8298 129
8299 33
8300 97
8301 131
8302 32
8303 94
8304 102
8305 135
8306 41
8307 90
8308 128
8309 32
8310 93
8311 101
8312 129
8313 34
8314 98
8315 128
8316 38
8317 107
8318 99
8319 129
8320 34
8321 97
8322 128
8323 32
8324 99
8325 102
8326 132
8327 34
8328 100
8329 128
8330 38
8331 101
8332 102
8333 44
8334 34
8335 90
8336 128
8337 35
8338 91
8339 96
8340 44
8341 41
8342 100
8343 131
8344 32
8345 94
8346 107
8347 36
8348 41
8349 98
8350 128
8351 35
8352 94
8353 104
8354 34
8355 90
8356 100
8357 131
8358 37
8359 91
8360 104
8361 44
8362 44
8363 87
8364 128
8365 35
8366 96
8367 99
8368 39
8369 98
8370 98
8371 128
8372 35
8373 93
8374 129
8375 33
8376 47
8377 98
8378 43
8379 32
8380 102
8381 129
8382 34
8383 47
8384 98
8385 134
8386 37
8387 96
8388 129
8389 33
8390 92
8391 98
8392 133
8393 35
8394 94
8395 104
8396 33
8397 97
8398 98
8399 40
8400 35
8401 80
8402 129
8403 33
8404 97
8405 97
8406 38
8407 32
8408 94
8409 129
8410 33
8411 89
8412 111
8413 40
8414 94
8415 99
8416 129
8417 36
8418 87
8419 97
8420 40
8421 37
8422 99
8423 130
8424 33
8425 84
8426 105
8427 37
8428 96
8429 96
8430 129
8431 34
8432 92
8433 120
8434 40
8435 104
8436 96
8437 129
8438 34
8439 89
8440 128
8441 37
8442 107
8443 96
8444 129
8445 36
8446 81
8447 111
8448 37
8449 99
8450 96
8451 130
8452 36
8453 87
8454 103
8455 43
8456 107
8457 99
8458 132
8459 33
8460 90
8461 131
8462 35
8463 110
8464 96
8465 130
8466 36
8467 84
8468 128
8469 32
8470 88
8471 96
8472 82
8473 39
8474 90
8475 100
8476 37
8477 99
8478 101
8479 129
8480 36
8481 90
8482 133
8483 37
8484 88
8485 104
8486 42
8487 36
8488 97
8489 134
8490 35
8491 91
8492 96
8493 41
8494 33
8495 97
8496 108
8497 35
8498 94
8499 107
8500 42
8501 84
8502 90
8503 128
8504 37
8505 93
8506 101
8507 34
8508 33
8509 103
8510 133
8511 32
8512 91
8513 101
8514 39
8515 36
8516 103
8517 133
8518 38
8519 91
8520 132
8521 34
8522 81
8523 103
8524 134
8525 32
8526 80
8527 102
8528 39
8529 111
8530 98
8531 134
8532 37
8533 85
8534 107
8535 41
8536 67
8537 103
8538 131
8539 38
8540 99
8541 109
8542 44
8543 81
8544 97
8545 133
8546 43
8547 63
8548 58
8549 34
8550 81
8551 100
8552 128
8553 37
8554 96
8555 129
8556 129
8557 106
8558 97
8559 128
8560 37
8561 63
8562 109
8563 34
8564 62
8565 97
8566 128
8567 38
8568 101
8569 130
8570 34
8571 82
8572 97
8573 131
8574 43
8575 96
8576 129
8577 33
8578 67
8579 103
8580 131
8581 38
8582 85
8583 129
8584 36
8585 67
8586 106
8587 46
8588 99
8589 99
8590 130
8591 36
8592 95
8593 98
8594 131
8595 83
8596 99
8597 121
8598 34
8599 92
8600 62
8601 35
8602 83
8603 96
8604 124
8605 39
8606 89
8607 97
8608 43
8609 46
8610 96
8611 130
8612 34
8613 81
8614 97
8615 131
8616 32
8617 85
8618 130
8619 34
8620 64
8621 111
8622 128
8623 10
8624 102
8625 132
8626 34
8627 92
8628 97
8629 43
8630 88
8631 99
8632 130
8633 33
8634 97
8635 133
8636 40
8637 86
8638 96
8639 129
8640 111
8641 89
8642 133
8643 35
8644 86
8645 96
8646 135
8647 33
8648 97
8649 133
8650 38
8651 83
8652 96
8653 129
8654 47
8655 98
8656 120
8657 32
8658 86
8659 96
8660 130
8661 105
8662 98
8663 97
8664 35
8665 94
8666 101
8667 130
8668 47
8669 90
8670 133
8671 35
8672 83
8673 55
8674 129
8675 34
8676 97
8677 141
8678 32
8679 83
8680 102
8681 47
8682 42
8683 95
8684 133
8685 35
8686 58
8687 96
8688 39
8689 44
8690 97
8691 134
8692 35
8693 83
8694 58
8695 47
8696 64
8697 89
8698 134
8699 43
8700 57
8701 101
8702 84
8703 67
8704 98
8705 131
8706 40
8707 85
8708 99
8709 39
8710 90
8711 97
8712 131
8713 32
8714 83
8715 114
8716 36
8717 89
8718 56
8719 123
8720 40
8721 88
8722 109
8723 39
8724 90
8725 56
8726 134
8727 46
8728 66
8729 99
8730 36
8731 87
8732 98
8733 131
8734 40
8735 58
8736 109
8737 41
8738 89
8739 98
8740 131
8741 40
8742 88
8743 58
8744 33
8745 84
8746 98
8747 128
8748 35
8749 96
8750 127
8751 36
8752 84
8753 100
8754 128
8755 88
8756 96
8757 122
8758 36
8759 13
8760 98
8761 128
8762 88
8763 88
8764 137
8765 36
8766 84
8767 105
8768 128
8769 86
8770 96
8771 130
8772 39
8773 22
8774 48
8775 38
8776 40
8777 96
8778 130
8779 41
8780 78
8781 103
8782 38
8783 86
8784 99
8785 130
8786 39
8787 64
8788 111
8789 37
8790 40
8791 63
8792 124
8793 36
8794 62
8795 111
8796 134
8797 86
8798 60
8799 124
8800 33
8801 89
8802 111
8803 45
8804 60
8805 71
8806 124
8807 39
8808 64
8809 115
8810 37
8811 10
8812 63
8813 122
8814 34
8815 48
8816 100
8817 37
8818 10
8819 79
8820 130
8821 39
8822 97
8823 118
8824 35
8825 79
8826 107
8827 129
8828 41
8829 64
8830 115
8831 128
8832 88
8833 57
8834 129
8835 92
8836 59
8837 115
8838 35
8839 66
8840 99
8841 129
8842 36
8843 64
8844 128
8845 43
8846 10
8847 96
8848 130
8849 34
8850 61
8851 112
8852 38
8853 9
8854 109
8855 130
8856 89
8857 98
8858 115
8859 40
8860 60
8861 109
8862 135
8863 34
8864 62
8865 117
8866 85
8867 63
8868 99
8869 129
8870 8
8871 98
8872 125
8873 40
8874 9
8875 107
8876 34
8877 82
8878 67
8879 123
8880 35
8881 60
8882 102
8883 84
8884 89
8885 100
8886 125
8887 35
8888 63
8889 102
8890 33
8891 61
8892 67
8893 128
8894 88
8895 12
8896 99
8897 41
8898 87
8899 98
8900 128
8901 35
8902 17
8903 99
8904 44
8905 14
8906 98
8907 133
8908 91
8909 63
8910 113
8911 44
8912 89
8913 97
8914 125
8915 86
8916 79
8917 109
8918 34
8919 62
8920 97
8921 128
8922 86
8923 99
8924 130
8925 44
8926 64
8927 97
8928 120
8929 46
8930 60
8931 121
8932 34
8933 53
8934 106
8935 131
8936 46
8937 49
8938 127
8939 44
8940 89
8941 98
8942 128
8943 46
8944 57
8945 121
8946 34
8947 62
8948 98
8949 133
8950 79
8951 57
8952 130
8953 34
8954 54
8955 111
8956 91
8957 58
8958 96
8959 130
8960 89
8961 59
8962 97
8963 133
8964 55
8965 57
8966 121
8967 137
8968 59
8969 97
8970 131
8971 83
8972 79
8973 116
8974 89
8975 64
8976 108
8977 35
8978 58
8979 58
8980 121
8981 84
8982 21
8983 98
8984 139
8985 93
8986 99
8987 124
8988 82
8989 69
8990 111
8991 94
8992 60
8993 96
8994 121
8995 44
8996 95
8997 97
8998 133
8999 63
9000 73
9001 121
9002 89
9003 62
9004 120
9005 136
9006 63
9007 102
9008 121
9009 62
9010 95
9011 120
9012 139
9013 60
9014 121
9015 124
9016 84
9017 70
9018 131
9019 139
9020 58
9021 99
9022 132
9023 89
9024 59
9025 123
9026 88
9027 60
9028 96
9029 121
9030 89
9031 70
9032 120
9033 91
9034 57
9035 96
9036 129
9037 90
9038 77
9039 120
9040 91
9041 76
9042 73
9043 130
9044 89
9045 64
9046 120
9047 88
9048 60
9049 96
9050 130
9051 90
9052 77
9053 120
9054 83
9055 50
9056 96
9057 130
9058 137
9059 72
9060 123
9061 83
9062 60
9063 96
9064 132
9065 89
9066 48
9067 120
9068 37
9069 63
9070 96
9071 129
9072 61
9073 100
9074 123
9075 136
9076 73
9077 121
9078 129
9079 78
9080 62
9081 120
9082 88
9083 73
9084 121
9085 129
9086 77
9087 98
9088 126
9089 93
9090 73
9091 121
9092 84
9093 64
9094 69
9095 118
9096 85
9097 50
9098 121
9099 89
9100 62
9101 103
9102 123
9103 85
9104 60
9105 121
9106 90
9107 62
9108 103
9109 117
9110 88
9111 66
9112 121
9113 130
9114 62
9115 72
9116 133
9117 88
9118 63
9119 121
9120 90
9121 62
9122 97
9123 133
9124 88
9125 74
9126 121
9127 89
9128 62
9129 108
9130 125
9131 86
9132 63
9133 121
9134 87
9135 62
9136 100
9137 134
9138 88
9139 60
9140 124
9141 89
9142 62
9143 100
9144 128
9145 63
9146 63
9147 121
9148 84
9149 75
9150 100
9151 88
9152 60
9153 63
9154 121
9155 84
9156 72
9157 120
9158 133
9159 57
9160 65
9161 122
9162 92
9163 64
9164 118
9165 134
9166 18
9167 63
9168 121
9169 92
9170 62
9171 123
9172 128
9173 76
9174 79
9175 130
9176 90
9177 59
9178 120
9179 128
9180 57
9181 65
9182 121
9183 72
9184 67
9185 123
9186 128
9187 58
9188 74
9189 121
9190 92
9191 56
9192 120
9193 128
9194 57
9195 79
9196 130
9197 84
9198 64
9199 120
9200 85
9201 57
9202 79
9203 84
9204 137
9205 69
9206 123
9207 85
9208 55
9209 99
9210 129
9211 72
9212 70
9213 120
9214 86
9215 10
9216 121
9217 130
9218 92
9219 62
9220 126
9221 93
9222 55
9223 110
9224 129
9225 89
9226 69
9227 115
9228 91
9229 66
9230 96
9231 129
9232 89
9233 69
9234 123
9235 23
9236 57
9237 96
9238 130
9239 75
9240 64
9241 125
9242 128
9243 71
9244 127
9245 130
9246 59
9247 78
9248 126
9249 85
9250 58
9251 121
9252 129
9253 72
9254 78
9255 146
9256 91
9257 57
9258 102
9259 129
9260 87
9261 69
9262 126
9263 91
9264 65
9265 127
9266 129
9267 67
9268 67
9269 133
9270 93
9271 58
9272 122
9273 130
9274 70
9275 72
9276 126
9277 142
9278 58
9279 96
9280 129
9281 84
9282 75
9283 133
9284 141
9285 74
9286 130
9287 137
9288 59
9289 67
9290 131
9291 91
9292 58
9293 121
9294 130
9295 69
9296 97
9297 128
9298 145
9299 68
9300 129
9301 130
9302 69
9303 97
9304 128
9305 74
9306 66
9307 124
9308 84
9309 72
9310 70
9311 128
9312 142
9313 79
9314 129
9315 129
9316 77
9317 123
9318 128
9319 60
9320 74
9321 124
9322 90
9323 64
9324 125
9325 128
9326 73
9327 79
9328 130
9329 78
9330 67
9331 125
9332 134
9333 145
9334 65
9335 130
9336 137
9337 64
9338 100
9339 128
9340 60
9341 66
9342 129
9343 138
9344 64
9345 106
9346 128
9347 79
9348 68
9349 130
9350 138
9351 59
9352 100
9353 128
9354 60
9355 68
9356 129
9357 132
9358 64
9359 123
9360 131
9361 65
9362 66
9363 129
9364 130
9365 61
9366 70
9367 131
9368 65
9369 71
9370 129
9371 140
9372 67
9373 70
9374 131
9375 74
9376 99
9377 130
9378 132
9379 67
9380 131
9381 131
9382 63
9383 73
9384 130
9385 140
9386 64
9387 125
9388 128
9389 66
9390 124
9391 130
9392 64
9393 64
9394 125
9395 128
9396 66
9397 65
9398 129
9399 77
9400 64
9401 128
9402 141
9403 65
9404 152
9405 129
9406 64
9407 64
9408 151
9409 73
9410 66
9411 152
9412 129
9413 92
9414 64
9415 145
9416 131
9417 66
9418 122
9419 129
9420 77
9421 72
9422 128
9423 141
9424 50
9425 155
9426 129
9427 140
9428 64
9429 115
9430 136
9431 66
9432 79
9433 129
9434 84
9435 97
9436 112
9437 141
9438 65
9439 121
9440 130
9441 70
9442 97
9443 128
9444 131
9445 63
9446 121
9447 129
9448 67
9449 69
9450 128
9451 133
9452 66
9453 102
9454 130
9455 70
9456 78
9457 128
9458 141
9459 66
9460 121
9461 92
9462 75
9463 77
9464 128
9465 141
9466 65
9467 127
9468 135
9469 69
9470 98
9471 128
9472 60
9473 65
9474 127
9475 132
9476 64
9477 78
9478 128
9479 74
9480 65
9481 149
9482 135
9483 56
9484 67
9485 128
9486 141
9487 65
9488 149
9489 135
9490 67
9491 64
9492 128
9493 134
9494 55
9495 99
9496 132
9497 64
9498 103
9499 128
9500 65
9501 66
9502 104
9503 137
9504 67
9505 100
9506 133
9507 131
9508 66
9509 124
9510 129
9511 54
9512 100
9513 128
9514 65
9515 66
9516 130
9517 75
9518 53
9519 100
9520 131
9521 68
9522 14
9523 130
9524 149
9525 64
9526 154
9527 131
9528 74
9529 66
9530 129
9531 130
9532 64
9533 162
9534 128
9535 66
9536 66
9537 144
9538 70
9539 33
9540 100
9541 128
9542 65
9543 66
9544 135
9545 135
9546 67
9547 97
9548 131
9549 71
9550 68
9551 132
9552 69
9553 70
9554 162
9555 131
9556 74
9557 76
9558 130
9559 72
9560 69
9561 123
9562 134
9563 68
9564 32
9565 135
9566 72
9567 33
9568 98
9569 128
9570 65
9571 71
9572 130
9573 69
9574 69
9575 103
9576 133
9577 68
9578 99
9579 130
9580 72
9581 70
9582 151
9583 131
9584 68
9585 99
9586 132
9587 72
9588 33
9589 108
9590 142
9591 60
9592 101
9593 130
9594 72
9595 67
9596 151
9597 128
9598 66
9599 71
9600 130
9601 67
9602 10
9603 103
9604 136
9605 65
9606 101
9607 130
9608 72
9609 69
9610 106
9611 133
9612 65
9613 96
9614 130
9615 69
9616 9
9617 154
9618 139
9619 68
9620 99
9621 132
9622 64
9623 70
9624 34
9625 128
9626 65
9627 96
9628 130
9629 64
9630 70
9631 133
9632 79
9633 68
9634 121
9635 130
9636 64
9637 97
9638 131
9639 133
9640 35
9641 122
9642 137
9643 67
9644 97
9645 134
9646 65
9647 13
9648 96
9649 130
9650 48
9651 97
9652 134
9653 73
9654 71
9655 96
9656 129
9657 69
9658 100
9659 133
9660 74
9661 71
9662 122
9663 129
9664 48
9665 97
9666 133
9667 73
9668 65
9669 104
9670 129
9671 48
9672 120
9673 128
9674 68
9675 74
9676 158
9677 129
9678 48
9679 98
9680 128
9681 66
9682 13
9683 155
9684 138
9685 64
9686 126
9687 128
9688 66
9689 66
9690 107
9691 130
9692 70
9693 115
9694 131
9695 68
9696 66
9697 101
9698 129
9699 41
9700 100
9701 131
9702 76
9703 68
9704 101
9705 130
9706 41
9707 97
9708 131
9709 74
9710 13
9711 130
9712 67
9713 64
9714 97
9715 131
9716 73
9717 65
9718 19
9719 64
9720 12
9721 123
9722 133
9723 71
9724 66
9725 101
9726 78
9727 69
9728 103
9729 133
9730 65
9731 76
9732 129
9733 72
9734 41
9735 162
9736 128
9737 65
9738 66
9739 135
9740 72
9741 64
9742 136
9743 131
9744 65
9745 79
9746 130
9747 67
9748 12
9749 98
9750 128
9751 66
9752 101
9753 130
9754 72
9755 64
9756 106
9757 79
9758 68
9759 96
9760 130
9761 75
9762 12
9763 100
9764 71
9765 65
9766 96
9767 132
9768 78
9769 12
9770 153
9771 76
9772 57
9773 102
9774 130
9775 47
9776 10
9777 128
9778 79
9779 8
9780 99
9781 130
9782 72
9783 15
9784 128
9785 71
9786 57
9787 122
9788 135
9789 70
9790 118
9791 128
9792 71
9793 14
9794 99
9795 130
9796 70
9797 103
9798 128
9799 68
9800 65
9801 99
9802 129
9803 67
9804 97
9805 128
9806 73
9807 68
9808 24
9809 135
9810 69
9811 77
9812 128
9813 73
9814 6
9815 35
9816 129
9817 72
9818 98
9819 128
9820 66
9821 6
9822 160
9823 129
9824 59
9825 33
9826 131
9827 65
9828 8
9829 135
9830 130
9831 72
9832 34
9833 128
9834 68
9835 11
9836 32
9837 135
9838 59
9839 33
9840 128
9841 71
9842 8
9843 101
9844 132
9845 67
9846 33
9847 128
9848 45
9849 6
9850 32
9851 129
9852 64
9853 33
9854 128
9855 71
9856 8
9857 32
9858 64
9859 67
9860 97
9861 131
9862 71
9863 65
9864 157
9865 132
9866 44
9867 97
9868 128
9869 66
9870 11
9871 99
9872 77
9873 56
9874 97
9875 128
9876 68
9877 11
9878 109
9879 70
9880 15
9881 34
9882 128
9883 68
9884 35
9885 102
9886 140
9887 34
9888 26
9889 133
9890 71
9891 32
9892 130
9893 67
9894 56
9895 33
9896 128
9897 65
9898 32
9899 129
9900 69
9901 70
9902 34
9903 79
9904 65
9905 96
9906 129
9907 67
9908 12
9909 33
9910 128
9911 71
9912 32
9913 129
9914 70
9915 12
9916 34
9917 131
9918 73
9919 32
9920 129
9921 64
9922 34
9923 33
9924 76
9925 60
9926 35
9927 129
9928 64
9929 15
9930 34
9931 128
9932 66
9933 32
9934 129
9935 64
9936 100
9937 100
9938 131
9939 65
9940 101
9941 129
9942 67
9943 75
9944 100
9945 65
9946 66
9947 30
9948 129
9949 67
9950 15
9951 105
9952 65
9953 14
9954 19
9955 129
9956 64
9957 10
9958 100
9959 65
9960 60
9961 102
9962 129
9963 64
9964 42
9965 133
9966 73
9967 66
9968 32
9969 130
9970 67
9971 34
9972 131
9973 65
9974 13
9975 163
9976 130
9977 64
9978 64
9979 133
9980 65
9981 60
9982 102
9983 132
9984 64
9985 39
9986 128
9987 65
9988 45
9989 37
9990 64
9991 67
9992 33
9993 128
9994 65
9995 8
9996 38
9997 132
9998 67
9999 82
10000 128
10001 65
10002 46
10003 40
10004 132
10005 64
10006 42
10007 128
10008 68
10009 11
10010 102
10011 64
10012 69
10013 42
10014 128
10015 71
10016 8
10017 155
10018 129
10019 64
10020 34
10021 128
10022 68
10023 13
10024 107
10025 77
10026 69
10027 42
10028 131
10029 65
10030 86
10031 99
10032 64
10033 69
10034 42
10035 128
10036 65
10037 40
10038 102
10039 138
10040 69
10041 34
10042 128
10043 65
10044 6
10045 130
10046 64
10047 9
10048 41
10049 128
10050 65
10051 35
10052 37
10053 64
10054 10
10055 41
10056 128
10057 66
10058 11
10059 37
10060 64
10061 10
10062 42
10063 128
10064 45
10065 8
10066 102
10067 67
10068 61
10069 100
10070 128
10071 65
10072 6
10073 102
10074 67
10075 70
10076 103
10077 128
10078 65
10079 45
10080 150
10081 69
10082 67
10083 97
10084 128
10085 65
10086 35
10087 130
10088 69
10089 59
10090 108
10091 71
10092 68
10093 45
10094 101
10095 64
10096 9
10097 97
10098 71
10099 11
10100 43
10101 130
10102 69
10103 81
10104 103
10105 68
10106 60
10107 85
10108 130
10109 69
10110 9
10111 128
10112 131
10113 71
10114 32
10115 130
10116 64
10117 59
10118 97
10119 131
10120 11
10121 38
10122 129
10123 69
10124 10
10125 103
10126 68
10127 68
10128 94
10129 130
10130 64
10131 42
10132 128
10133 68
10134 68
10135 37
10136 130
10137 67
10138 34
10139 128
10140 65
10141 65
10142 6
10143 130
10144 67
10145 70
10146 128
10147 73
10148 68
10149 35
10150 130
10151 64
10152 41
10153 103
10154 66
10155 68
10156 45
10157 129
10158 72
10159 41
10160 100
10161 68
10162 68
10163 32
10164 130
10165 64
10166 33
10167 128
10168 65
10169 45
10170 32
10171 130
10172 70
10173 33
10174 131
10175 66
10176 68
10177 32
10178 72
10179 64
10180 4
10181 128
10182 65
10183 38
10184 32
10185 129
10186 64
10187 7
10188 128
10189 65
10190 40
10191 85
10192 72
10193 69
10194 42
10195 131
10196 66
10197 80
10198 96
10199 130
10200 69
10201 34
10202 134
10203 68
10204 14
10205 91
10206 135
10207 64
10208 34
10209 131
10210 65
10211 80
10212 132
10213 64
10214 69
10215 44
10216 134
10217 71
10218 80
10219 129
10220 70
10221 15
10222 33
10223 133
10224 71
10225 86
10226 93
10227 130
10228 64
10229 84
10230 133
10231 76
10232 43
10233 85
10234 72
10235 67
10236 34
10237 131
10238 79
10239 43
10240 129
10241 69
10242 47
10243 33
10244 131
10245 68
10246 32
10247 80
10248 69
10249 61
10250 39
10251 131
10252 71
10253 40
10254 80
10255 69
10256 64
10257 81
10258 131
10259 13
10260 80
10261 129
10262 69
10263 41
10264 36
10265 128
10266 65
10267 38
10268 129
10269 72
10270 89
10271 81
10272 141
10273 66
10274 40
10275 129
10276 69
10277 62
10278 81
10279 65
10280 68
10281 43
10282 130
10283 78
10284 42
10285 84
10286 128
10287 68
10288 38
10289 130
10290 77
10291 75
10292 87
10293 128
10294 79
10295 32
10296 137
10297 75
10298 42
10299 105
10300 131
10301 74
10302 40
10303 130
10304 70
10305 33
10306 92
10307 131
10308 65
10309 32
10310 130
10311 77
10312 81
10313 128
10314 131
10315 74
10316 38
10317 130
10318 67
10319 47
10320 92
10321 133
10322 43
10323 40
10324 129
10325 70
10326 33
10327 95
10328 66
10329 74
10330 80
10331 130
10332 77
10333 39
10334 128
10335 134
10336 46
10337 43
10338 130
10339 67
10340 34
10341 139
10342 134
10343 65
10344 80
10345 130
10346 67
10347 33
10348 128
10349 74
10350 66
10351 80
10352 130
10353 147
10354 82
10355 131
10356 74
10357 73
10358 80
10359 130
10360 67
10361 33
10362 133
10363 74
10364 74
10365 80
10366 130
10367 72
10368 36
10369 128
10370 71
10371 79
10372 80
10373 130
10374 75
10375 39
10376 128
10377 76
10378 74
10379 80
10380 130
10381 75
10382 10
10383 133
10384 71
10385 80
10386 83
10387 129
10388 67
10389 47
10390 128
10391 74
10392 80
10393 94
10394 129
10395 64
10396 47
10397 134
10398 65
10399 46
10400 93
10401 130
10402 77
10403 81
10404 133
10405 66
10406 80
10407 91
10408 135
10409 77
10410 81
10411 133
10412 141
10413 46
10414 86
10415 135
10416 75
10417 81
10418 131
10419 128
10420 45
10421 85
10422 64
10423 72
10424 33
10425 128
10426 139
10427 46
10428 85
10429 129
10430 72
10431 33
10432 133
10433 141
10434 37
10435 86
10436 130
10437 72
10438 82
10439 128
10440 91
10441 32
10442 83
10443 129
10444 64
10445 84
10446 128
10447 146
10448 32
10449 130
10450 130
10451 72
10452 87
10453 131
10454 66
10455 32
10456 86
10457 129
10458 89
10459 84
10460 128
10461 91
10462 46
10463 86
10464 137
10465 78
10466 81
10467 128
10468 73
10469 80
10470 137
10471 137
10472 81
10473 81
10474 128
10475 79
10476 32
10477 130
10478 138
10479 81
10480 81
10481 131
10482 88
10483 35
10484 130
10485 129
10486 78
10487 90
10488 128
10489 73
10490 80
10491 137
10492 150
10493 33
10494 90
10495 128
10496 83
10497 80
10498 130
10499 129
10500 33
10501 84
10502 128
10503 73
10504 88
10505 129
10506 78
10507 39
10508 90
10509 128
10510 85
10511 83
10512 129
10513 140
10514 39
10515 151
10516 128
10517 73
10518 80
10519 129
10520 95
10521 33
10522 141
10523 134
10524 86
10525 26
10526 129
10527 92
10528 36
10529 89
10530 128
10531 80
10532 80
10533 129
10534 75
10535 36
10536 87
10537 139
10538 83
10539 31
10540 129
10541 140
10542 39
10543 134
10544 142
10545 74
10546 50
10547 129
10548 140
10549 81
10550 92
10551 128
10552 66
10553 94
10554 129
10555 147
10556 39
10557 89
10558 128
10559 80
10560 80
10561 130
10562 90
10563 81
10564 139
10565 141
10566 73
10567 88
10568 130
10569 143
10570 81
10571 142
10572 142
10573 73
10574 93
10575 129
10576 152
10577 36
10578 128
10579 136
10580 37
10581 93
10582 137
10583 82
10584 81
10585 128
10586 136
10587 80
10588 88
10589 130
10590 89
10591 39
10592 133
10593 141
10594 38
10595 132
10596 138
10597 82
10598 81
10599 128
10600 136
10601 37
10602 94
10603 138
10604 72
10605 81
10606 128
10607 68
10608 35
10609 94
10610 129
10611 81
10612 81
10613 128
10614 136
10615 80
10616 132
10617 129
10618 82
10619 81
10620 131
10621 73
10622 37
10623 50
10624 130
10625 81
10626 92
10627 128
10628 142
10629 85
10630 49
10631 130
10632 72
10633 89
10634 133
10635 73
10636 49
10637 152
10638 137
10639 84
10640 89
10641 133
10642 73
10643 83
10644 138
10645 129
10646 87
10647 82
10648 128
10649 153
10650 80
10651 144
10652 129
10653 84
10654 154
10655 128
10656 159
10657 80
10658 135
10659 152
10660 82
10661 161
10662 128
10663 153
10664 32
10665 86
10666 140
10667 44
10668 87
10669 128
10670 85
10671 83
10672 130
10673 152
10674 89
10675 92
10676 146
10677 91
10678 80
10679 137
10680 152
10681 36
10682 95
10683 131
10684 73
10685 80
10686 137
10687 152
10688 82
10689 87
10690 136
10691 80
10692 49
10693 137
10694 155
10695 81
10696 89
10697 136
10698 73
10699 85
10700 137
10701 150
10702 82
10703 54
10704 136
10705 88
10706 83
10707 129
10708 152
10709 34
10710 82
10711 136
10712 83
10713 83
10714 129
10715 89
10716 81
10717 142
10718 139
10719 88
10720 80
10721 130
10722 137
10723 81
10724 128
10725 134
10726 80
10727 83
10728 137
10729 152
10730 81
10731 136
10732 139
10733 80
10734 55
10735 137
10736 187
10737 82
10738 53
10739 156
10740 76
10741 88
10742 130
10743 100
10744 34
10745 128
10746 141
10747 80
10748 160
10749 147
10750 84
10751 53
10752 53
10753 136
10754 85
10755 80
10756 130
10757 92
10758 82
10759 53
10760 141
10761 83
10762 94
10763 143
10764 84
10765 84
10766 142
10767 141
10768 83
10769 55
10770 132
10771 81
10772 59
10773 142
10774 142
10775 85
10776 94
10777 135
10778 82
10779 81
10780 146
10781 141
10782 80
10783 55
10784 130
10785 84
10786 54
10787 95
10788 153
10789 80
10790 94
10791 143
10792 92
10793 84
10794 128
10795 141
10796 49
10797 94
10798 143
10799 82
10800 54
10801 133
10802 153
10803 65
10804 149
10805 152
10806 81
10807 54
10808 133
10809 142
10810 80
10811 160
10812 135
10813 81
10814 51
10815 131
10816 88
10817 80
10818 149
10819 129
10820 81
10821 54
10822 131
10823 88
10824 49
10825 149
10826 137
10827 64
10828 87
10829 131
10830 83
10831 26
10832 149
10833 129
10834 81
10835 82
10836 133
10837 156
10838 80
10839 149
10840 129
10841 81
10842 82
10843 139
10844 83
10845 50
10846 149
10847 137
10848 48
10849 82
10850 141
10851 83
10852 80
10853 149
10854 137
10855 62
10856 82
10857 128
10858 83
10859 83
10860 149
10861 152
10862 48
10863 81
10864 134
10865 91
10866 50
10867 50
10868 147
10869 77
10870 54
10871 134
10872 91
10873 50
10874 55
10875 132
10876 84
10877 161
10878 128
10879 80
10880 50
10881 135
10882 152
10883 84
10884 48
10885 134
10886 85
10887 49
10888 130
10889 152
10890 48
10891 161
10892 128
10893 88
10894 83
10895 130
10896 89
10897 87
10898 161
10899 141
10900 85
10901 49
10902 60
10903 89
10904 81
10905 53
10906 133
10907 85
10908 50
10909 130
10910 152
10911 59
10912 51
10913 139
10914 86
10915 94
10916 129
10917 90
10918 48
10919 148
10920 134
10921 83
10922 83
10923 138
10924 152
10925 54
10926 128
10927 153
10928 80
10929 83
10930 135
10931 98
10932 54
10933 134
10934 128
10935 80
10936 83
10937 129
10938 89
10939 84
10940 145
10941 139
10942 80
10943 160
10944 135
10945 82
10946 53
10947 148
10948 91
10949 80
10950 50
10951 135
10952 81
10953 87
10954 151
10955 91
10956 80
10957 50
10958 138
10959 84
10960 48
10961 128
10962 91
10963 55
10964 50
10965 143
10966 81
10967 54
10968 154
10969 94
10970 52
10971 52
10972 132
10973 81
10974 51
10975 128
10976 86
10977 85
10978 160
10979 147
10980 81
10981 61
10982 148
10983 154
10984 55
10985 52
10986 152
10987 82
10988 161
10989 151
10990 94
10991 52
10992 150
10993 152
10994 81
10995 161
10996 133
10997 94
10998 52
10999 149
11000 152
11001 81
11002 54
11003 131
11004 88
11005 52
11006 160
11007 157
11008 84
11009 54
11010 131
11011 85
11012 49
11013 150
11014 129
11015 82
11016 95
11017 128
11018 88
11019 83
11020 150
11021 152
11022 82
11023 48
11024 128
11025 83
11026 73
11027 160
11028 152
11029 82
11030 89
11031 145
11032 86
11033 52
11034 149
11035 129
11036 82
11037 54
11038 128
11039 88
11040 52
11041 144
11042 89
11043 48
11044 54
11045 134
11046 83
11047 60
11048 149
11049 155
11050 54
11051 161
11052 128
11053 83
11054 52
11055 135
11056 137
11057 81
11058 48
11059 139
11060 83
11061 55
11062 130
11063 92
11064 54
11065 162
11066 131
11067 83
11068 52
11069 130
11070 82
11071 53
11072 161
11073 136
11074 86
11075 163
11076 129
11077 82
11078 62
11079 51
11080 133
11081 80
11082 91
11083 129
11084 87
11085 54
11086 161
11087 128
11088 71
11089 50
11090 130
11091 84
11092 72
11093 161
11094 164
11095 71
11096 85
11097 129
11098 82
11099 54
11100 151
11101 141
11102 86
11103 52
11104 130
11105 82
11106 51
11107 151
11108 131
11109 86
11110 160
11111 135
11112 92
11113 54
11114 161
11115 86
11116 88
11117 160
11118 135
11119 82
11120 87
11121 151
11122 153
11123 83
11124 55
11125 129
11126 81
11127 53
11128 145
11129 88
11130 83
11131 50
11132 129
11133 81
11134 56
11135 142
11136 88
11137 83
11138 49
11139 132
11140 81
11141 95
11142 128
11143 88
11144 50
11145 163
11146 135
11147 81
11148 87
11149 151
11150 83
11151 74
11152 49
11153 132
11154 81
11155 162
11156 151
11157 80
11158 74
11159 160
11160 129
11161 82
11162 48
11163 148
11164 80
11165 80
11166 160
11167 129
11168 77
11169 56
11170 128
11171 83
11172 74
11173 152
11174 130
11175 77
11176 61
11177 128
11178 88
11179 55
11180 158
11181 81
11182 81
11183 51
11184 128
11185 85
11186 50
11187 132
11188 132
11189 81
11190 48
11191 128
11192 83
11193 60
11194 132
11195 137
11196 81
11197 51
11198 128
11199 83
11200 55
11201 144
11202 129
11203 72
11204 48
11205 133
11206 83
11207 49
11208 152
11209 152
11210 70
11211 51
11212 133
11213 80
11214 52
11215 160
11216 87
11217 72
11218 51
11219 128
11220 80
11221 52
11222 160
11223 82
11224 77
11225 161
11226 128
11227 80
11228 74
11229 147
11230 137
11231 72
11232 118
11233 133
11234 80
11235 50
11236 147
11237 89
11238 84
11239 146
11240 133
11241 80
11242 55
11243 144
11244 82
11245 77
11246 146
11247 145
11248 83
11249 50
11250 147
11251 81
11252 69
11253 161
11254 128
11255 80
11256 57
11257 147
11258 95
11259 53
11260 161
11261 136
11262 83
11263 52
11264 130
11265 81
11266 48
11267 148
11268 91
11269 83
11270 166
11271 135
11272 81
11273 8
11274 159
11275 128
11276 83
11277 55
11278 130
11279 81
11280 13
11281 161
11282 91
11283 85
11284 55
11285 129
11286 81
11287 54
11288 159
11289 80
11290 83
11291 52
11292 129
11293 81
11294 54
11295 146
11296 91
11297 73
11298 73
11299 143
11300 81
11301 54
11302 148
11303 91
11304 74
11305 79
11306 129
11307 82
11308 53
11309 148
11310 85
11311 74
11312 65
11313 130
11314 81
11315 67
11316 148
11317 136
11318 80
11319 66
11320 132
11321 81
11322 53
11323 145
11324 85
11325 71
11326 65
11327 132
11328 84
11329 69
11330 151
11331 93
11332 65
11333 66
11334 132
11335 82
11336 70
11337 146
11338 86
11339 66
11340 160
11341 129
11342 84
11343 64
11344 145
11345 83
11346 66
11347 135
11348 132
11349 84
11350 54
11351 133
11352 153
11353 65
11354 158
11355 129
11356 84
11357 69
11358 128
11359 80
11360 68
11361 165
11362 155
11363 84
11364 72
11365 128
11366 85
11367 68
11368 76
11369 129
11370 84
11371 69
11372 131
11373 85
11374 55
11375 157
11376 95
11377 82
11378 77
11379 131
11380 80
11381 73
11382 129
11383 35
11384 77
11385 54
11386 128
11387 83
11388 55
11389 129
11390 129
11391 77
11392 67
11393 141
11394 80
11395 49
11396 129
11397 81
11398 81
11399 64
11400 128
11401 80
11402 49
11403 160
11404 81
11405 70
11406 69
11407 128
11408 80
11409 63
11410 152
11411 82
11412 78
11413 67
11414 136
11415 80
11416 49
11417 147
11418 81
11419 70
11420 64
11421 131
11422 85
11423 49
11424 132
11425 81
11426 70
11427 39
11428 133
11429 83
11430 50
11431 137
11432 87
11433 64
11434 67
11435 136
11436 88
11437 65
11438 152
11439 87
11440 67
11441 69
11442 131
11443 88
11444 65
11445 132
11446 84
11447 78
11448 64
11449 142
11450 86
11451 49
11452 130
11453 87
11454 69
11455 128
11456 133
11457 80
11458 68
11459 129
11460 84
11461 64
11462 128
11463 136
11464 80
11465 68
11466 130
11467 84
11468 69
11469 128
11470 86
11471 80
11472 65
11473 130
11474 81
11475 67
11476 78
11477 42
11478 71
11479 43
11480 135
11481 81
11482 69
11483 161
11484 42
11485 83
11486 113
11487 135
11488 89
11489 54
11490 145
11491 141
11492 68
11493 65
11494 132
11495 81
11496 64
11497 128
11498 41
11499 65
11500 66
11501 43
11502 43
11503 69
11504 128
11505 80
11506 66
11507 66
11508 40
11509 82
11510 64
11511 128
11512 80
11513 65
11514 65
11515 140
11516 84
11517 64
11518 128
11519 131
11520 66
11521 65
11522 130
11523 82
11524 64
11525 153
11526 39
11527 71
11528 65
11529 129
11530 84
11531 64
11532 131
11533 41
11534 65
11535 68
11536 43
11537 82
11538 64
11539 128
11540 85
11541 65
11542 65
11543 130
11544 72
11545 64
11546 128
11547 39
11548 65
11549 66
11550 137
11551 72
11552 64
11553 148
11554 86
11555 65
11556 147
11557 143
11558 70
11559 64
11560 133
11561 39
11562 65
11563 32
11564 40
11565 87
11566 64
11567 133
11568 86
11569 65
11570 149
11571 137
11572 70
11573 67
11574 41
11575 156
11576 65
11577 149
11578 137
11579 92
11580 67
11581 41
11582 116
11583 68
11584 149
11585 40
11586 72
11587 69
11588 41
11589 91
11590 74
11591 152
11592 158
11593 69
11594 117
11595 128
11596 86
11597 65
11598 43
11599 132
11600 64
11601 13
11602 41
11603 86
11604 68
11605 129
11606 132
11607 78
11608 164
11609 41
11610 91
11611 55
11612 129
11613 140
11614 64
11615 70
11616 41
11617 121
11618 65
11619 129
11620 45
11621 67
11622 33
11623 128
11624 88
11625 65
11626 129
11627 129
11628 67
11629 161
11630 33
11631 86
11632 65
11633 129
11634 137
11635 64
11636 44
11637 33
11638 65
11639 66
11640 129
11641 137
11642 64
11643 77
11644 44
11645 66
11646 68
11647 46
11648 140
11649 75
11650 72
11651 131
11652 73
11653 65
11654 40
11655 177
11656 64
11657 131
11658 133
11659 88
11660 65
11661 132
11662 185
11663 70
11664 72
11665 44
11666 73
11667 71
11668 132
11669 177
11670 64
11671 131
11672 34
11673 65
11674 73
11675 37
11676 95
11677 64
11678 33
11679 142
11680 65
11681 65
11682 132
11683 125
11684 64
11685 142
11686 44
11687 66
11688 68
11689 32
11690 123
11691 64
11692 34
11693 44
11694 66
11695 160
11696 37
11697 186
11698 67
11699 128
11700 44
11701 66
11702 160
11703 130
11704 77
11705 70
11706 34
11707 44
11708 66
11709 71
11710 43
11711 120
11712 77
11713 41
11714 136
11715 66
11716 160
11717 40
11718 78
11719 70
11720 42
11721 187
11722 65
11723 79
11724 45
11725 112
11726 64
11727 42
11728 136
11729 66
11730 79
11731 129
11732 78
11733 69
11734 39
11735 154
11736 79
11737 158
11738 35
11739 67
11740 69
11741 42
11742 139
11743 65
11744 71
11745 150
11746 72
11747 39
11748 42
11749 131
11750 66
11751 160
11752 129
11753 75
11754 64
11755 44
11756 131
11757 71
11758 130
11759 129
11760 64
11761 64
11762 42
11763 86
11764 65
11765 130
11766 137
11767 64
11768 39
11769 41
11770 113
11771 65
11772 40
11773 129
11774 72
11775 75
11776 41
11777 127
11778 65
11779 129
11780 129
11781 64
11782 36
11783 42
11784 127
11785 65
11786 40
11787 37
11788 64
11789 69
11790 36
11791 73
11792 73
11793 35
11794 132
11795 72
11796 77
11797 36
11798 73
11799 65
11800 43
11801 185
11802 69
11803 161
11804 128
11805 122
11806 74
11807 46
11808 38
11809 70
11810 39
11811 36
11812 71
11813 68
11814 40
11815 143
11816 64
11817 41
11818 41
11819 71
11820 68
11821 37
11822 138
11823 67
11824 42
11825 41
11826 65
11827 71
11828 35
11829 138
11830 67
11831 128
11832 142
11833 74
11834 71
11835 38
11836 137
11837 67
11838 131
11839 128
11840 66
11841 68
11842 38
11843 137
11844 69
11845 131
11846 41
11847 10
11848 76
11849 43
11850 157
11851 72
11852 41
11853 134
11854 65
11855 32
11856 40
11857 143
11858 72
11859 34
11860 139
11861 65
11862 73
11863 45
11864 72
11865 72
11866 36
11867 128
11868 65
11869 32
11870 43
11871 89
11872 72
11873 134
11874 128
11875 66
11876 163
11877 129
11878 75
11879 64
11880 33
11881 136
11882 65
11883 66
11884 129
11885 67
11886 64
11887 34
11888 154
11889 65
11890 38
11891 130
11892 67
11893 78
11894 33
11895 136
11896 71
11897 32
11898 45
11899 117
11900 67
11901 44
11902 179
11903 65
11904 166
11905 45
11906 64
11907 75
11908 44
11909 139
11910 68
11911 165
11912 129
11913 70
11914 67
11915 33
11916 136
11917 68
11918 46
11919 135
11920 64
11921 69
11922 33
11923 154
11924 65
11925 32
11926 129
11927 70
11928 69
11929 34
11930 134
11931 68
11932 129
11933 45
11934 72
11935 42
11936 36
11937 119
11938 71
11939 35
11940 129
11941 69
11942 70
11943 128
11944 142
11945 66
11946 43
11947 143
11948 64
11949 47
11950 33
11951 142
11952 66
11953 32
11954 137
11955 69
11956 42
11957 34
11958 71
11959 65
11960 35
11961 137
11962 67
11963 47
11964 128
11965 16
11966 66
11967 32
11968 130
11969 67
11970 33
11971 128
11972 65
11973 9
11974 37
11975 129
11976 67
11977 42
11978 44
11979 65
11980 71
11981 32
11982 140
11983 64
11984 36
11985 131
11986 65
11987 68
11988 43
11989 130
11990 70
11991 39
11992 128
11993 65
11994 65
11995 38
11996 143
11997 64
11998 47
11999 134
12000 66
