# cover1 affine lifts: 68 points (x,y,z) as ints 0..31, F32=F2[r]/(r^5+r^2+1), r=2
0 0 20
0 0 21
1 1 28
1 1 29
2 30 12
2 30 13
3 13 26
3 13 27
4 23 10
4 23 11
5 27 14
5 27 15
5 30 6
5 30 7
7 25 0
7 25 1
9 21 14
9 21 15
9 28 6
9 28 7
11 23 6
11 23 7
11 28 14
11 28 15
12 4 12
12 4 13
12 8 22
12 8 23
13 7 0
13 7 1
15 23 30
15 23 31
15 24 24
15 24 25
16 8 14
16 8 15
16 24 20
16 24 21
17 2 18
17 2 19
17 19 2
17 19 3
18 7 16
18 7 17
18 21 4
18 21 5
21 6 24
21 6 25
21 19 2
21 19 3
23 10 16
23 10 17
24 14 26
24 14 27
24 22 22
24 22 23
26 10 4
26 10 5
26 16 2
26 16 3
27 14 26
27 14 27
27 21 4
27 21 5
28 20 14
28 20 15
31 7 8
31 7 9
