# cover2 affine lifts: 68 points (x,y,z) as ints 0..31, F32=F2[r]/(r^5+r^2+1), r=2
0 0 16
0 0 17
1 1 30
1 1 31
2 28 18
2 28 19
2 30 22
2 30 23
3 14 24
3 14 25
4 19 10
4 19 11
5 27 22
5 27 23
5 30 16
5 30 17
7 25 18
7 25 19
7 30 22
7 30 23
9 21 2
9 21 3
9 28 4
9 28 5
11 23 26
11 23 27
12 4 12
12 4 13
12 8 20
12 8 21
13 7 26
13 7 27
13 10 18
13 10 19
15 23 20
15 23 21
15 24 30
15 24 31
16 8 8
16 8 9
16 24 18
16 24 19
17 2 4
17 2 5
21 6 10
21 6 11
21 19 16
21 19 17
23 10 18
23 10 19
24 14 10
24 14 11
26 10 30
26 10 31
26 16 12
26 16 13
27 14 14
27 14 15
27 21 24
27 21 25
28 8 24
28 8 25
28 20 12
28 20 13
31 7 14
31 7 15
31 24 12
31 24 13
