# cover3 affine lifts: 68 points (x,y,z) as ints 0..31, F32=F2[r]/(r^5+r^2+1), r=2
1 0 0
1 0 1
1 1 0
1 1 1
3 13 8
3 13 9
3 14 8
3 14 9
4 19 4
4 19 5
4 23 4
4 23 5
5 27 28
5 27 29
5 30 28
5 30 29
7 25 22
7 25 23
7 30 22
7 30 23
9 21 24
9 21 25
9 28 24
9 28 25
11 23 4
11 23 5
11 28 4
11 28 5
12 4 22
12 4 23
12 8 22
12 8 23
13 7 26
13 7 27
13 10 26
13 10 27
15 23 10
15 23 11
15 24 10
15 24 11
16 8 0
16 8 1
16 24 0
16 24 1
17 2 8
17 2 9
17 19 8
17 19 9
18 7 12
18 7 13
18 21 12
18 21 13
24 14 10
24 14 11
24 22 10
24 22 11
26 10 24
26 10 25
26 16 24
26 16 25
27 14 26
27 14 27
27 21 26
27 21 27
31 7 18
31 7 19
31 24 18
31 24 19
