Python 3.13.5; SciPy 1.17.0
Numerical check
r      kappa        median             asymptotic          ratio
0.5     1.0e+06   5.713134782376e-05   5.711832263056e-05   1.000228039
1.0     1.0e+08   7.762702517895e-02   7.970287600559e-02   0.973955133
1.5     1.0e+08   5.022686112801e-01   5.022532608002e-01   1.006812562
2.0     1.0e+08   1.000049998333e+00   1.000050000000e+00   0.999966652
2.5     1.0e+08   1.500001517370e+00   1.500001537373e+00   0.986989081
3.0     1.0e+08   2.000000112884e+00   2.000000122805e+00   0.919220706
4.0     1.0e+08   3.000000019988e+00   3.000000020000e+00   0.999423839
6.0     1.0e+06   5.000001111100e+00   5.000001111111e+00   0.999989762
r=2 exact consistency absolute error: 8.593e-14
