cases=25 all_contain_even_hole=True
((3, 3, 3), 12, 'hole=[0, 1, 3, 4, 6, 7, 8, 9]', 'induced')
((3, 3, 4), 13, 'hole=[0, 1, 3, 4, 6, 7, 8, 9]', 'induced')
((3, 4, 5), 15, 'hole=[0, 2, 3, 5, 6, 7, 11, 12, 13, 14]', 'induced')
((4, 4, 4), 15, 'hole=[0, 1, 3, 4, 6, 7, 8, 9, 10, 11]', 'induced')
((5, 5, 5), 18, 'hole=[0, 1, 3, 4, 6, 7, 8, 9, 10, 11, 12, 13]', 'induced')
((3, 3, 5), 14, 'hole=[0, 1, 3, 4, 6, 7, 8, 9]', 'induced')
((4, 5, 6), 18, 'hole=[0, 2, 3, 5, 6, 7, 8, 13, 14, 15, 16, 17]', 'induced')
((3, 4, 4), 14, 'hole=[1, 2, 4, 5, 8, 9, 10, 11, 12, 13]', 'induced')
((6, 6, 7), 22, 'hole=[0, 1, 3, 4, 6, 7, 8, 9, 10, 11, 12, 13, 14, 15]', 'induced')
((1, 1, 1), 6, 'hole=[0, 1, 3, 4]', 'short')
((1, 2, 3), 9, 'hole=[0, 2, 3, 5, 7, 8]', 'short')
((2, 2, 2), 9, 'hole=[0, 1, 3, 4, 6, 7]', 'short')
((1, 1, 2), 7, 'hole=[0, 1, 3, 4]', 'short')
((4, 4, 4), 15, 'hole=[0, 1, 3, 4, 7, 8, 9, 11]', 'loose-chords')
((5, 3, 4), 15, 'hole=[0, 6, 7, 8]', 'loose-chords')
((5, 6, 4), 18, 'hole=[0, 2, 3, 5, 6, 7, 9, 15, 16, 17]', 'loose-random')
((3, 6, 6), 18, 'hole=[0, 2, 3, 5, 6, 13, 14, 15, 16, 17]', 'loose-random')
((4, 4, 4), 15, 'hole=[1, 9, 10, 11]', 'loose-random')
((4, 3, 5), 15, 'hole=[0, 1, 3, 4, 6, 7, 8, 10]', 'loose-random')
((6, 6, 3), 18, 'hole=[2, 5, 16, 17]', 'loose-random')
((3, 6, 3), 15, 'hole=[2, 5, 13, 14]', 'loose-random')
((4, 6, 5), 18, 'hole=[3, 6, 7, 8]', 'loose-random')
((5, 4, 3), 15, 'hole=[0, 2, 3, 5, 6, 7, 9, 13]', 'loose-random')
((4, 6, 3), 16, 'hole=[0, 2, 3, 5, 7, 8, 14, 15]', 'loose-random')
((4, 3, 6), 16, 'hole=[1, 2, 4, 5, 9, 11, 12, 13, 14, 15]', 'loose-random')
