independent row indices: [0, 1, 2, 3, 4, 5, 12, 13, 14, 24, 25, 26]
minor det: -71
matrix rows (all 48 x 12, integer entries):
00 [-1, 0, 0, 1, 0, 0, -1, 0, 0, 0, 0, 0]
01 [0, -1, 0, 0, 1, 0, 0, -1, 0, 0, 0, 0]
02 [0, 0, -1, 0, 0, 1, 0, 0, -1, 0, 0, 0]
03 [-1, 0, 0, 1, -1, 1, 0, 0, 0, -1, 0, 0]
04 [0, -1, 0, 0, -1, 1, 0, 0, 0, 0, -1, 0]
05 [0, 0, -1, -1, 1, -2, 0, 0, 0, 0, 0, -1]
06 [0, 1, -1, 0, 0, 0, -1, 1, -1, 1, 0, 0]
07 [0, 2, -1, 0, 0, 0, 0, 1, -1, 0, 1, 0]
08 [1, -1, 3, 0, 0, 0, 1, -1, 2, 0, 0, 1]
09 [0, 0, 0, 0, 1, -1, -1, 0, 0, 1, 0, 0]
10 [0, 0, 0, 0, 2, -1, 0, -1, 0, 0, 1, 0]
11 [0, 0, 0, 1, -1, 3, 0, 0, -1, 0, 0, 1]
12 [1, 0, 0, 0, -1, 1, 1, 0, 0, 0, 0, 0]
13 [0, 1, 0, 0, -2, 1, 0, 1, 0, 0, 0, 0]
14 [0, 0, 1, -1, 1, -3, 0, 0, 1, 0, 0, 0]
15 [1, 0, 0, 1, -1, 1, 0, 0, 0, 1, 0, 0]
16 [0, 1, 0, 0, -1, 1, 0, 0, 0, 0, 1, 0]
17 [0, 0, 1, -1, 1, -2, 0, 0, 0, 0, 0, 1]
18 [-1, 0, 0, 0, 0, 0, -1, 1, -1, 0, -1, 1]
19 [0, -1, 0, 0, 0, 0, 0, 1, -1, 0, -2, 1]
20 [0, 0, -1, 0, 0, 0, 1, -1, 2, -1, 1, -3]
21 [0, 0, 0, -1, 0, 0, 1, 0, 0, -1, 0, 0]
22 [0, 0, 0, 0, -1, 0, 0, 1, 0, 0, -1, 0]
23 [0, 0, 0, 0, 0, -1, 0, 0, 1, 0, 0, -1]
24 [1, -4, 8, -2, 1, 0, -5, 10, -19, 0, 0, 0]
25 [4, -7, 12, 1, 0, 1, -9, 15, -28, 0, 0, 0]
26 [-4, 8, -15, 1, 0, 0, 10, -19, 34, 0, 0, 0]
27 [0, 1, -3, 3, -4, 7, 0, 0, 0, -5, 10, -19]
28 [-2, 2, -5, 3, -5, 10, 0, 0, 0, -9, 15, -28]
29 [1, -3, 5, -4, 7, -12, 0, 0, 0, 10, -19, 34]
30 [0, -1, 3, 0, 0, 0, -3, 4, -7, -2, 1, 0]
31 [2, -2, 5, 0, 0, 0, -3, 5, -10, 1, 0, 1]
32 [-1, 3, -5, 0, 0, 0, 4, -7, 12, 1, 0, 0]
33 [0, 0, 0, 0, -1, 3, 0, 1, -3, -1, 4, -8]
34 [0, 0, 0, 2, -2, 5, -2, 2, -5, -4, 7, -12]
35 [0, 0, 0, -1, 3, -5, 1, -3, 5, 4, -8, 15]
36 [-1, 4, -8, 0, 1, -3, 0, -1, 3, 0, 0, 0]
37 [-4, 7, -12, -2, 2, -5, 2, -2, 5, 0, 0, 0]
38 [4, -8, 15, 1, -3, 5, -1, 3, -5, 0, 0, 0]
39 [5, -10, 19, 3, -4, 7, 0, 0, 0, 0, -1, 3]
40 [9, -15, 28, 3, -5, 10, 0, 0, 0, 2, -2, 5]
41 [-10, 19, -34, -4, 7, -12, 0, 0, 0, -1, 3, -5]
42 [2, -1, 0, 0, 0, 0, -3, 4, -7, 0, 1, -3]
43 [-1, 0, -1, 0, 0, 0, -3, 5, -10, -2, 2, -5]
44 [-1, 0, 0, 0, 0, 0, 4, -7, 12, 1, -3, 5]
45 [0, 0, 0, 2, -1, 0, 5, -10, 19, 1, -4, 8]
46 [0, 0, 0, -1, 0, -1, 9, -15, 28, 4, -7, 12]
47 [0, 0, 0, -1, 0, 0, -10, 19, -34, -4, 8, -15]
