11100000110101
00100010101111
10001000011111
10111000100011
10000011110011
11010010000111
11001010101001
01110011100001
10010001101101
10110010011001
01010000111011
11011001010001
10010110101010
00101001111001
01101010010011
10101011000101
11100001001011
00011011001011
10101110110000
00011010110101
11000101111000
00001111101100
01101100101010
01011110011000
01000011011101
11100110001100
01111000001101
10111101001000
01000110110110
00111110000110
00110100111100
00011101110010
01010101001110
00100111011010
01101101010100
10010111010100
11110100010010
00110001010111
11011100100100
01001001100111
11001111000010
10100101100110
