d | [a1,a2,a3,a4,a6]
2 | [0, -8, 0, -640, -10112]

-2 | [0, 8, 0, -640, 10112]

6 | [0, -24, 0, -5760, -273024]

-6 | [0, 24, 0, -5760, 273024]

7 | [0, -28, 0, -7840, -433552]

-7 | [0, 7, 7, -490, 6762]

10 | [0, -40, 0, -16000, -1264000]

-10 | [0, 40, 0, -16000, 1264000]

11 | [0, -44, 0, -19360, -1682384]

13 | [0, -13, -13, -1690, -43433]

-13 | [0, 52, 0, -27040, 2777008]

17 | [0, -17, -17, -2890, -97104]

-17 | [0, 68, 0, -46240, 6210032]

19 | [0, -76, 0, -57760, -8669776]

-19 | [0, 19, 19, -3610, 135375]

21 | [0, -21, -21, -4410, -183015]

-21 | [0, 84, 0, -70560, 11705904]

22 | [0, -88, 0, -77440, -13459072]

29 | [0, -29, -29, -8410, -481893]

-29 | [0, 116, 0, -134560, 30827696]

30 | [0, -120, 0, -144000, -34128000]

-30 | [0, 120, 0, -144000, 34128000]

33 | [0, -33, -33, -10890, -710028]

-35 | [0, 35, 35, -12250, 846475]

-39 | [0, 39, 39, -15210, 1171170]

41 | [0, -41, -41, -16810, -1361610]

-41 | [0, 164, 0, -268960, 87116144]

43 | [0, -172, 0, -295840, -100496848]

-43 | [0, 43, 43, -18490, 1569801]

46 | [0, -184, 0, -338560, -123032704]

-46 | [0, 184, 0, -338560, 123032704]

-47 | [0, 47, 47, -22090, 2049952]

-51 | [0, 51, 51, -26010, 2619207]

55 | [0, -220, 0, -484000, -210298000]

57 | [0, -57, -57, -32490, -3658374]

-57 | [0, 228, 0, -519840, 234083952]

58 | [0, -232, 0, -538240, -246621568]

-61 | [0, 244, 0, -595360, 286903984]

-62 | [0, 248, 0, -615040, 301246592]

65 | [0, -65, -65, -42250, -5424900]

-65 | [0, 260, 0, -676000, 347126000]

66 | [0, -264, 0, -696960, -363394944]

73 | [0, -73, -73, -53290, -7684418]

-73 | [0, 292, 0, -852640, 491717488]

-74 | [0, 296, 0, -876160, 512203136]

77 | [0, -77, -77, -59290, -9018009]

-79 | [0, 79, 79, -62410, 9735960]

-83 | [0, 83, 83, -68890, 11291071]

85 | [0, -85, -85, -72250, -12130775]

-85 | [0, 340, 0, -1156000, 776254000]

86 | [0, -344, 0, -1183360, -803974784]

-86 | [0, 344, 0, -1183360, 803974784]

-87 | [0, 87, 87, -75690, 13003542]

91 | [0, -364, 0, -1324960, -952513744]

94 | [0, -376, 0, -1413760, -1049858176]

-94 | [0, 376, 0, -1413760, 1049858176]

-95 | [0, 95, 95, -90250, 16930900]

-101 | [0, 404, 0, -1632160, 1302300464]

-103 | [0, 103, 103, -106090, 21578706]

105 | [0, -105, -105, -110250, -22865850]

-105 | [0, 420, 0, -1764000, 1463238000]

106 | [0, -424, 0, -1797760, -1505444224]

-106 | [0, 424, 0, -1797760, 1505444224]

-107 | [0, 107, 107, -114490, 24191737]

109 | [0, -109, -109, -118810, -25579793]

-109 | [0, 436, 0, -1900960, 1636916656]

110 | [0, -440, 0, -1936000, -1682384000]

-118 | [0, 472, 0, -2227840, 2076792448]

119 | [0, -476, 0, -2265760, -2130040976]

-119 | [0, 119, 119, -141610, 33278350]

122 | [0, -488, 0, -2381440, -2295231872]

-122 | [0, 488, 0, -2381440, 2295231872]

-123 | [0, 123, 123, -151290, 36748341]

-127 | [0, 127, 127, -161290, 40451532]

129 | [0, -129, -129, -166410, -42401268]

-129 | [0, 516, 0, -2662560, 2713414896]

-131 | [0, 131, 131, -171610, 44395507]

-134 | [0, 536, 0, -2872960, 3041315456]

-138 | [0, 552, 0, -3047040, 3321883008]

-139 | [0, 139, 139, -193210, 53036145]

-142 | [0, 568, 0, -3226240, 3619196032]

-143 | [0, 143, 143, -204490, 57747976]

145 | [0, -145, -145, -210250, -60215600]

-145 | [0, 580, 0, -3364000, 3853462000]

-149 | [0, 596, 0, -3552160, 4181247536]

151 | [0, -604, 0, -3648160, -4351890064]

-151 | [0, 151, 151, -228010, 67992582]

154 | [0, -616, 0, -3794560, -4616461696]

158 | [0, -632, 0, -3994240, -4985610368]

-159 | [0, 159, 159, -252810, 79382340]

161 | [0, -161, -161, -259210, -82428780]

-161 | [0, 644, 0, -4147360, 5275027184]

163 | [0, -652, 0, -4251040, -5474064208]

165 | [0, -165, -165, -272250, -88726275]

166 | [0, -664, 0, -4408960, -5781910144]

-166 | [0, 664, 0, -4408960, 5781910144]

-167 | [0, 167, 167, -278890, 91977922]

-173 | [0, 692, 0, -4788640, 6544634288]

174 | [0, -696, 0, -4844160, -6658782336]

-178 | [0, 712, 0, -5069440, 7128646528]

182 | [0, -728, 0, -5299840, -7620109952]

-182 | [0, 728, 0, -5299840, 7620109952]

-183 | [0, 183, 183, -334890, 121029246]

-186 | [0, 744, 0, -5535360, 8133657984]

187 | [0, -748, 0, -5595040, -8265552592]

193 | [0, -193, -193, -372490, -141993188]

-193 | [0, 772, 0, -5959840, 9086968048]

-194 | [0, 776, 0, -6021760, 9228949376]

-195 | [0, 195, 195, -380250, 146434275]

-197 | [0, 788, 0, -6209440, 9663751472]

-205 | [0, 820, 0, -6724000, 10889518000]

206 | [0, -824, 0, -6789760, -11049655424]

-206 | [0, 824, 0, -6789760, 11049655424]

209 | [0, -209, -209, -436810, -180315168]

-209 | [0, 836, 0, -6988960, 11539471856]

-211 | [0, 211, 211, -445210, 185519007]

-215 | [0, 215, 215, -462250, 196271350]

217 | [0, -217, -217, -470890, -201823454]

-217 | [0, 868, 0, -7534240, 12915947632]

-218 | [0, 872, 0, -7603840, 13095333248]

-219 | [0, 219, 219, -479610, 207431325]

-222 | [0, 888, 0, -7885440, 13829484672]

-226 | [0, 904, 0, -8172160, 14590574464]

-227 | [0, 227, 227, -515290, 231004507]

-230 | [0, 920, 0, -8464000, 15379088000]

233 | [0, -233, -233, -542890, -249837978]

-233 | [0, 932, 0, -8686240, 15988761968]

-237 | [0, 948, 0, -8987040, 16826434992]

238 | [0, -952, 0, -9063040, -17040327808]

-238 | [0, 952, 0, -9063040, 17040327808]

-239 | [0, 239, 239, -571210, 269611120]

241 | [0, -241, -241, -580810, -276465560]

-241 | [0, 964, 0, -9292960, 17692866544]

249 | [0, -249, -249, -620010, -304920918]

-249 | [0, 996, 0, -9920160, 19513946736]

253 | [0, -253, -253, -640090, -319852973]

-255 | [0, 255, 255, -650250, 327465900]

-259 | [0, 259, 259, -670810, 343119315]

-263 | [0, 263, 263, -691690, 359263786]

265 | [0, -265, -265, -702250, -367557650]

266 | [0, -1064, 0, -11320960, -23789865344]

-266 | [0, 1064, 0, -11320960, 23789865344]

-271 | [0, 271, 271, -734410, 393056232]

273 | [0, -273, -273, -745290, -401860368]

274 | [0, -1096, 0, -12012160, -26001521536]

-274 | [0, 1096, 0, -12012160, 26001521536]

-277 | [0, 1108, 0, -12276640, 26864971312]

281 | [0, -281, -281, -789610, -438233550]

-281 | [0, 1124, 0, -12633760, 28045683824]

282 | [0, -1128, 0, -12723840, -28346170752]

-282 | [0, 1128, 0, -12723840, 28346170752]

-283 | [0, 283, 283, -800890, 447617421]

-285 | [0, 1140, 0, -12996000, 29260494000]

286 | [0, -1144, 0, -13087360, -29569581184]

-290 | [0, 1160, 0, -13456000, 30827696000]

-293 | [0, 1172, 0, -13735840, 31794348848]

-299 | [0, 299, 299, -894010, 527912905]

302 | [0, -1208, 0, -14592640, -34815120512]

-303 | [0, 303, 303, -918090, 549385056]

305 | [0, -305, -305, -930250, -560382600]

-305 | [0, 1220, 0, -14884000, 35862998000]

-307 | [0, 307, 307, -942490, 571431687]

310 | [0, -1240, 0, -15376000, -37655824000]

-310 | [0, 1240, 0, -15376000, 37655824000]

-314 | [0, 1256, 0, -15775360, 39132358016]

318 | [0, -1272, 0, -16179840, -40646994048]

-318 | [0, 1272, 0, -16179840, 40646994048]

319 | [0, -1276, 0, -16281760, -41031663376]

-319 | [0, 319, 319, -1017610, 641094300]

-321 | [0, 1284, 0, -16486560, 41808267504]

326 | [0, -1304, 0, -17004160, -43792513664]

-326 | [0, 1304, 0, -17004160, 43792513664]

-327 | [0, 327, 327, -1069290, 690547482]

329 | [0, -329, -329, -1082410, -703350018]

-329 | [0, 1316, 0, -17318560, 45012669296]

337 | [0, -337, -337, -1135690, -755915264]

-337 | [0, 1348, 0, -18171040, 48376759792]

-346 | [0, 1384, 0, -19154560, 52357074304]

-347 | [0, 347, 347, -1204090, 825162877]

-349 | [0, 1396, 0, -19488160, 53730805936]

-354 | [0, 1416, 0, -20050560, 56073396096]

-358 | [0, 1432, 0, -20506240, 57995747968]

-359 | [0, 359, 359, -1288810, 913766290]

-362 | [0, 1448, 0, -20967040, 59961540992]

-365 | [0, 1460, 0, -21316000, 61464686000]

370 | [0, -1480, 0, -21904000, -64025392000]

-370 | [0, 1480, 0, -21904000, 64025392000]

-371 | [0, 371, 371, -1376410, 1008495607]

-373 | [0, 1492, 0, -22260640, 65595427888]

-381 | [0, 1524, 0, -23225760, 69907215024]

-382 | [0, 1528, 0, -23347840, 70459111552]

385 | [0, -385, -385, -1482250, -1127102900]

-386 | [0, 1544, 0, -23839360, 72695744384]

-391 | [0, 391, 391, -1528810, 1180547082]

393 | [0, -393, -393, -1544490, -1198833138]

-393 | [0, 1572, 0, -24711840, 76722849648]

394 | [0, -1576, 0, -24837760, -77310011776]

-394 | [0, 1576, 0, -24837760, 77310011776]

-395 | [0, 395, 395, -1560250, 1217151025]

398 | [0, -1592, 0, -25344640, -79688617088]

-398 | [0, 1592, 0, -25344640, 79688617088]

401 | [0, -401, -401, -1608010, -1273543920]

-401 | [0, 1604, 0, -25728160, 81504238064]

-402 | [0, 1608, 0, -25856640, 82115517312]

-403 | [0, 403, 403, -1624090, 1292613231]

406 | [0, -1624, 0, -26373760, -84591197824]

-406 | [0, 1624, 0, -26373760, 84591197824]

409 | [0, -409, -409, -1672810, -1351295918]

-409 | [0, 1636, 0, -26764960, 86480262256]

-413 | [0, 1652, 0, -27291040, 89042476208]

-415 | [0, 415, 415, -1722250, 1411556100]

417 | [0, -417, -417, -1738890, -1432149804]

-417 | [0, 1668, 0, -27822240, 91654805232]

418 | [0, -1672, 0, -27955840, -92315774848]

419 | [0, -1676, 0, -28089760, -92979914576]

421 | [0, -421, -421, -1772410, -1473758915]

-421 | [0, 1684, 0, -28358560, 94317734704]

-422 | [0, 1688, 0, -28493440, 94991430272]

-426 | [0, 1704, 0, -29036160, 97718292864]

-431 | [0, 431, 431, -1857610, 1581197632]

-435 | [0, 435, 435, -1892250, 1625631975]

-437 | [0, 1748, 0, -30555040, 105485164592]

439 | [0, -1756, 0, -30835360, -106940112016]

-439 | [0, 439, 439, -1927210, 1670891070]

442 | [0, -1768, 0, -31258240, -109147522432]

-442 | [0, 1768, 0, -31258240, 109147522432]

-446 | [0, 1784, 0, -31826560, 112137701504]

-447 | [0, 447, 447, -1998090, 1763913852]

-453 | [0, 1812, 0, -32833440, 117501031728]

-455 | [0, 455, 455, -2070250, 1860326650]

457 | [0, -457, -457, -2088490, -1885071074]

-457 | [0, 1828, 0, -33415840, 120641207152]

-458 | [0, 1832, 0, -33562240, 121434896768]

-461 | [0, 1844, 0, -34003360, 123836836784]

462 | [0, -1848, 0, -34151040, -124644465792]

466 | [0, -1864, 0, -34744960, -127910095744]

-469 | [0, 1876, 0, -35193760, 130396400176]

-470 | [0, 1880, 0, -35344000, 131232272000]

473 | [0, -473, -473, -2237290, -2090076318]

-474 | [0, 1896, 0, -35948160, 134611479936]

478 | [0, -1912, 0, -36557440, -138048204928]

-479 | [0, 479, 479, -2294410, 2170511860]

481 | [0, -481, -481, -2313610, -2197929500]

-481 | [0, 1924, 0, -37017760, 140663786224]

482 | [0, -1928, 0, -37171840, -141542932352]

-482 | [0, 1928, 0, -37171840, 141542932352]

-483 | [0, 483, 483, -2332890, 2225343771]

-489 | [0, 1956, 0, -38259360, 147799733616]

-491 | [0, 491, 491, -2410810, 2337762457]

494 | [0, -1976, 0, -39045760, -152379982976]

-494 | [0, 1976, 0, -39045760, 152379982976]

-497 | [0, 1988, 0, -39521440, 155173029872]

499 | [0, -1996, 0, -39840160, -157053894736]

-501 | [0, 2004, 0, -40160160, 158949897264]

-502 | [0, 2008, 0, -40320640, 159903594112]

-503 | [0, 503, 503, -2530090, 2513391406]

505 | [0, -505, -505, -2550250, -2543619350]

-505 | [0, 2020, 0, -40804000, 162787558000]

514 | [0, -2056, 0, -42271360, -171647084416]

-514 | [0, 2056, 0, -42271360, 171647084416]

517 | [0, -517, -517, -2672890, -2729287979]

-519 | [0, 519, 519, -2693610, 2760950250]

-523 | [0, 523, 523, -2735290, 2825281041]

-527 | [0, 527, 527, -2777290, 2890603432]

-530 | [0, 2120, 0, -44944000, 188180528000]

-534 | [0, 2136, 0, -45624960, 192473456256]

-535 | [0, 535, 535, -2862250, 3024253350]

-538 | [0, 2152, 0, -46311040, 196831182208]

-541 | [0, 2164, 0, -46828960, 200142292144]

545 | [0, -545, -545, -2970250, -3197177100]

-545 | [0, 2180, 0, -47524000, 204614582000]

-546 | [0, 2184, 0, -47698560, 205742968704]

-547 | [0, 547, 547, -2992090, 3232354827]

553 | [0, -553, -553, -3058090, -3340045898]

-557 | [0, 2228, 0, -49639840, 218430187952]

561 | [0, -561, -561, -3147210, -3487108680]

562 | [0, -2248, 0, -50535040, -224365470592]

-563 | [0, 563, 563, -3169690, 3524378311]

-566 | [0, 2264, 0, -51256960, 229190370944]

-569 | [0, 2276, 0, -51801760, 232854091376]

-571 | [0, 571, 571, -3260410, 3676764357]

-574 | [0, 2296, 0, -52716160, 239046699136]

-579 | [0, 579, 579, -3352410, 3833480835]

-582 | [0, 2328, 0, -54195840, 249181633152]

583 | [0, -2332, 0, -54382240, -250468282768]

-589 | [0, 2356, 0, -55507360, 258281296816]

-590 | [0, 2360, 0, -55696000, 259599056000]

-591 | [0, 591, 591, -3492810, 4076807832]

-593 | [0, 2372, 0, -56263840, 263579211248]

595 | [0, -2380, 0, -56644000, -266255122000]

-599 | [0, 599, 599, -3588010, 4244615830]

-601 | [0, 2404, 0, -57792160, 274391396464]

-602 | [0, 2408, 0, -57984640, 275763350912]

-607 | [0, 607, 607, -3684490, 4416966612]

-611 | [0, 611, 611, -3733210, 4504864507]

613 | [0, -613, -613, -3757690, -4549435283]

-613 | [0, 2452, 0, -60123040, 291157845808]

-615 | [0, 615, 615, -3782250, 4593920850]

617 | [0, -617, -617, -3806890, -4639076154]

618 | [0, -2472, 0, -61107840, -298340696448]

-618 | [0, 2472, 0, -61107840, 298340696448]

622 | [0, -2488, 0, -61901440, -304171295872]

-622 | [0, 2488, 0, -61901440, 304171295872]

-623 | [0, 623, 623, -3881290, 4775539216]

-626 | [0, 2504, 0, -62700160, 310077371264]

-629 | [0, 2516, 0, -63302560, 314556750896]

633 | [0, -633, -633, -4006890, -5009413878]

-633 | [0, 2532, 0, -64110240, 320596077168]

-634 | [0, 2536, 0, -64312960, 322117891456]

635 | [0, -2540, 0, -64516000, -323644514000]

-635 | [0, 635, 635, -4032250, 5056844725]

638 | [0, -2552, 0, -65127040, -328253307008]

-638 | [0, 2552, 0, -65127040, 328253307008]

-645 | [0, 2580, 0, -66564000, 339176862000]

646 | [0, -2584, 0, -66770560, -340756875904]

-646 | [0, 2584, 0, -66770560, 340756875904]

649 | [0, -649, -649, -4212010, -5398954418]

-651 | [0, 651, 651, -4238010, 5448809457]

654 | [0, -2616, 0, -68434560, -353573997696]

-655 | [0, 655, 655, -4290250, 5549867400]

658 | [0, -2632, 0, -69274240, -360101354368]

-659 | [0, 659, 659, -4342810, 5652167215]

-662 | [0, 2648, 0, -70119040, 366708555392]

-667 | [0, 667, 667, -4448890, 5860522797]

-670 | [0, 2680, 0, -71824000, 380164432000]

-671 | [0, 671, 671, -4502410, 5966593732]

673 | [0, -673, -673, -4529290, -6020332268]

-673 | [0, 2692, 0, -72468640, 385294018288]

-677 | [0, 2708, 0, -73332640, 392204958512]

-678 | [0, 2712, 0, -73549440, 393945510528]

-679 | [0, 679, 679, -4610410, 6182559810]

681 | [0, -681, -681, -4637610, -6237585450]

-681 | [0, 2724, 0, -74201760, 399198048624]

-683 | [0, 683, 683, -4664890, 6292470121]

689 | [0, -689, -689, -4747210, -6460003368]

-689 | [0, 2756, 0, -75955360, 413432620016]

-690 | [0, 2760, 0, -76176000, 415235376000]

-695 | [0, 695, 695, -4830250, 6630001150]

697 | [0, -697, -697, -4858090, -6687646694]

-699 | [0, 699, 699, -4886010, 6745136805]

-701 | [0, 2804, 0, -78624160, 435412735664]

-703 | [0, 703, 703, -4942090, 6861597756]

705 | [0, -705, -705, -4970250, -6920576100]

-706 | [0, 2824, 0, -79749760, 444796311424]

-710 | [0, 2840, 0, -80656000, 452399504000]

-714 | [0, 2856, 0, -81567360, 460088850816]

715 | [0, -2860, 0, -81796000, -462024706000]

-717 | [0, 2868, 0, -82254240, 465912691632]

721 | [0, -721, -721, -5198410, -7402535840]

-721 | [0, 2884, 0, -83174560, 473753976304]

-723 | [0, 723, 723, -5227290, 7464047391]

-733 | [0, 2932, 0, -85966240, 497804705968]

-734 | [0, 2936, 0, -86200960, 499844886656]

737 | [0, -737, -737, -5431690, -7906367964]

739 | [0, -2956, 0, -87379360, -510129441616]

-739 | [0, 739, 739, -5461210, 7970635995]

-743 | [0, 743, 743, -5520490, 8100767026]

-745 | [0, 2980, 0, -88804000, 522655942000]

749 | [0, -749, -749, -5610010, -8298887793]

-754 | [0, 3016, 0, -90962560, 541827584896]

-755 | [0, 755, 755, -5700250, 8499642775]

-758 | [0, 3032, 0, -91930240, 550496663168]

-761 | [0, 3044, 0, -92659360, 557058806384]

-766 | [0, 3064, 0, -93880960, 568111241344]

767 | [0, -3068, 0, -94126240, -570339126032]

-767 | [0, 767, 767, -5882890, 8911401772]

-769 | [0, 3076, 0, -94617760, 574812353776]

770 | [0, -3080, 0, -94864000, -577057712000]

771 | [0, -3084, 0, -95110560, -579308909904]

-777 | [0, 3108, 0, -96596640, 592939155312]

-778 | [0, 3112, 0, -96845440, 595231443328]

-779 | [0, 779, 779, -6068410, 9336248785]

787 | [0, -3148, 0, -99099040, -616128461392]

-787 | [0, 787, 787, -6193690, 9626852367]

-789 | [0, 3156, 0, -99603360, 620837703216]

-791 | [0, 791, 791, -6256810, 9774388582]

-794 | [0, 3176, 0, -100869760, 632715656576]

798 | [0, -3192, 0, -101888640, -642326364288]

-798 | [0, 3192, 0, -101888640, 642326364288]

799 | [0, -3196, 0, -102144160, -644744152336]

-799 | [0, 799, 799, -6384010, 10073967780]

-802 | [0, 3208, 0, -102912640, 652033904512]

-803 | [0, 803, 803, -6448090, 10226025931]

-809 | [0, 3236, 0, -104716960, 669256563056]

-811 | [0, 811, 811, -6577210, 10534717257]

-813 | [0, 3252, 0, -105755040, 679232895408]

814 | [0, -3256, 0, -106015360, -681742374016]

-815 | [0, 815, 815, -6642250, 10691365600]

817 | [0, -817, -817, -6674890, -10770602504]

818 | [0, -3272, 0, -107059840, -691842098048]

-821 | [0, 3284, 0, -107846560, 699482003504]

-822 | [0, 3288, 0, -108109440, 702041081472]

-827 | [0, 827, 827, -6839290, 11170612357]

830 | [0, -3320, 0, -110224000, -722738768000]

-830 | [0, 3320, 0, -110224000, 722738768000]

-831 | [0, 831, 831, -6905610, 11333487132]

-835 | [0, 835, 835, -6972250, 11497937475]

838 | [0, -3352, 0, -112359040, -743839316608]

-838 | [0, 3352, 0, -112359040, 743839316608]

842 | [0, -3368, 0, -113434240, -754541877632]

-842 | [0, 3368, 0, -113434240, 754541877632]

-843 | [0, 843, 843, -7106490, 11831595201]

-849 | [0, 3396, 0, -115328160, 773517501936]

853 | [0, -853, -853, -7276090, -12258028823]

-853 | [0, 3412, 0, -116417440, 784502202928]

-854 | [0, 3416, 0, -116690560, 787264532096]

-857 | [0, 3428, 0, -117511840, 795590410352]

858 | [0, -3432, 0, -117786240, -798378691968]

863 | [0, -3452, 0, -119163040, -812417857808]

865 | [0, -865, -865, -7482250, -12782675900]

-865 | [0, 3460, 0, -119716000, 818079286000]

-866 | [0, 3464, 0, -119992960, 820919836544]

-871 | [0, 871, 871, -7586410, 13050142482]

877 | [0, -877, -877, -7691290, -13322083409]

-877 | [0, 3508, 0, -123060640, 852601032112]

-878 | [0, 3512, 0, -123341440, 855520896128]

-879 | [0, 879, 879, -7726410, 13413047760]

-886 | [0, 3544, 0, -125599360, 879120160384]

-887 | [0, 887, 887, -7867690, 13782619342]

-890 | [0, 3560, 0, -126736000, 891080816000]

-893 | [0, 3572, 0, -127591840, 900122153648]

897 | [0, -897, -897, -8046090, -14254453044]

-897 | [0, 3588, 0, -128737440, 912272121072]

-898 | [0, 3592, 0, -129024640, 915326601088]

-899 | [0, 899, 899, -8082010, 14349608755]

-901 | [0, 3604, 0, -129888160, 924530934064]

902 | [0, -3608, 0, -130176640, -927612701312]

907 | [0, -3628, 0, -131623840, -943124300752]

-910 | [0, 3640, 0, -132496000, 952513744000]

913 | [0, -913, -913, -8335690, -15030916208]

-915 | [0, 915, 915, -8372250, 15129492975]

-917 | [0, 3668, 0, -134542240, 974664349232]

-919 | [0, 919, 919, -8445610, 15328782150]

921 | [0, -921, -921, -8482410, -15429503790]

-923 | [0, 923, 923, -8519290, 15529813741]

-926 | [0, 3704, 0, -137196160, 1003644788864]

-930 | [0, 3720, 0, -138384000, 1016707248000]

933 | [0, -933, -933, -8704890, -16040500803]

-934 | [0, 3736, 0, -139576960, 1029882557056]

-937 | [0, 3748, 0, -140475040, 1039838388592]

-941 | [0, 3764, 0, -141676960, 1053212352944]

-942 | [0, 3768, 0, -141978240, 1056573666432]

943 | [0, -3772, 0, -142279840, -1059942124048]

-943 | [0, 943, 943, -8892490, 16561373376]

946 | [0, -3784, 0, -143186560, -1070090437504]

953 | [0, -953, -953, -9082090, -17094309798]

-953 | [0, 3812, 0, -145313440, 1094021295728]

-959 | [0, 959, 959, -9196810, 17418758140]

-965 | [0, 3860, 0, -148996000, 1135871006000]

-967 | [0, 967, 967, -9350890, 17858329722]

-970 | [0, 3880, 0, -150544000, 1153618672000]

-974 | [0, 3896, 0, -151788160, 1167949175936]

-978 | [0, 3912, 0, -153037440, 1182397868928]

982 | [0, -3928, 0, -154291840, -1196965236352]

-982 | [0, 3928, 0, -154291840, 1196965236352]

-986 | [0, 3944, 0, -155551360, 1211651763584]

-987 | [0, 987, 987, -9741690, 18989476317]

-989 | [0, 3956, 0, -156499360, 1222745149616]

-997 | [0, 3988, 0, -159041440, 1252658093872]

-998 | [0, 3992, 0, -159360640, 1256431157888]

1001 | [0, -1001, -1001, -10020010, -19809559770]

-1001 | [0, 4004, 0, -160320160, 1267795793264]

-1003 | [0, 1003, 1003, -10060090, 19928032281]

1006 | [0, -4024, 0, -161925760, -1286888785024]

-1006 | [0, 4024, 0, -161925760, 1286888785024]

-1007 | [0, 1007, 1007, -10140490, 20167406512]

1009 | [0, -1009, -1009, -10180810, -20288318168]

-1009 | [0, 4036, 0, -162892960, 1298436073456]

-1011 | [0, 1011, 1011, -10221210, 20408690007]

-1018 | [0, 4072, 0, -165811840, 1333491979648]

-1019 | [0, 1019, 1019, -10383610, 20897015125]

-1022 | [0, 4088, 0, -167117440, 1349272787072]

-1030 | [0, 4120, 0, -169744000, 1381206928000]

-1031 | [0, 1031, 1031, -10629610, 21644011882]

1033 | [0, -1033, -1033, -10670890, -21770749778]

-1033 | [0, 4132, 0, -170734240, 1393310912368]

1034 | [0, -4136, 0, -171064960, -1397361232256]

-1037 | [0, 4148, 0, -172059040, 1409559273392]

1038 | [0, -4152, 0, -172391040, -1413641006208]

-1041 | [0, 4164, 0, -173388960, 1425933468144]

-1042 | [0, 4168, 0, -173722240, 1430046735232]

1043 | [0, -4172, 0, -174055840, -1434167904848]

1045 | [0, -1045, -1045, -10920250, -22538303975]

-1047 | [0, 1047, 1047, -10962090, 22667409702]

-1051 | [0, 1051, 1051, -11046010, 22928202957]

-1055 | [0, 1055, 1055, -11130250, 23190988900]

1057 | [0, -1057, -1057, -11172490, -23323690124]

-1063 | [0, 1063, 1063, -11299690, 23722569186]

-1066 | [0, 4264, 0, -181816960, 1531153346944]

-1069 | [0, 4276, 0, -182841760, 1544116947376]

1073 | [0, -1073, -1073, -11513290, -24398964168]

-1073 | [0, 4292, 0, -184212640, 1561515285488]

-1074 | [0, 4296, 0, -184556160, 1565885195136]

-1077 | [0, 4308, 0, -185588640, 1579043825712]

1081 | [0, -1081, -1081, -11685610, -24948777350]

-1085 | [0, 4340, 0, -188356000, 1614493454000]

-1086 | [0, 4344, 0, -188703360, 1618961606784]

1087 | [0, -4348, 0, -189051040, -1623437995792]

1090 | [0, -4360, 0, -190096000, -1636916656000]

-1091 | [0, 1091, 1091, -11902810, 25646984707]

1094 | [0, -4376, 0, -191493760, -1655003970176]

-1095 | [0, 1095, 1095, -11990250, 25930114650]

-1097 | [0, 4388, 0, -192545440, 1668656546672]

-1099 | [0, 1099, 1099, -12078010, 26215320705]

-1102 | [0, 4408, 0, -194304640, 1691577334912]

1106 | [0, -4424, 0, -195717760, -1710064356224]

-1106 | [0, 4424, 0, -195717760, 1710064356224]

1109 | [0, -1109, -1109, -12298810, -26938083543]

-1109 | [0, 4436, 0, -196780960, 1724017668656]

-1110 | [0, 4440, 0, -197136000, 1728685584000]

1111 | [0, -4444, 0, -197491360, -1733361917584]

1113 | [0, -1113, -1113, -12387690, -27230620158]

-1113 | [0, 4452, 0, -198203040, 1742739869808]

-1118 | [0, 4472, 0, -199987840, 1766332600448]

-1119 | [0, 1119, 1119, -12521610, 27672758100]

-1121 | [0, 4484, 0, -201062560, 1780589925104]

1122 | [0, -4488, 0, -201421440, -1785359359872]

-1123 | [0, 1123, 1123, -12611290, 27970580091]

1126 | [0, -4504, 0, -202860160, -1804522267264]

1129 | [0, -1129, -1129, -12746410, -28421945018]

-1130 | [0, 4520, 0, -204304000, 1823821808000]

1133 | [0, -1133, -1133, -12836890, -28725108753]

-1135 | [0, 1135, 1135, -12882250, 28876851600]

1138 | [0, -4552, 0, -207207040, -1862832731008]

-1139 | [0, 1139, 1139, -12973210, 29183235895]

-1141 | [0, 4564, 0, -208300960, 1877604023344]

1142 | [0, -4568, 0, -208666240, -1882545084032]

-1146 | [0, 4584, 0, -210130560, 1902396011904]

-1151 | [0, 1151, 1151, -13248010, 30115376332]

-1154 | [0, 4616, 0, -213074560, 1942515533696]

-1157 | [0, 4628, 0, -214183840, 1957704552752]

-1162 | [0, 4648, 0, -216039040, 1983195179392]

-1163 | [0, 1163, 1163, -13525690, 31067157361]

-1165 | [0, 4660, 0, -217156000, 1998595246000]

1166 | [0, -4664, 0, -217528960, -2003746262144]

-1174 | [0, 4696, 0, -220524160, 2045273374336]

1177 | [0, -1177, -1177, -13853290, -32203357934]

1182 | [0, -4728, 0, -223539840, -2087370317952]

-1182 | [0, 4728, 0, -223539840, 2087370317952]

1185 | [0, -1185, -1185, -14042250, -32864481900]

-1185 | [0, 4740, 0, -224676000, 2103304374000]

-1187 | [0, 1187, 1187, -14089690, 33030460267]

1190 | [0, -4760, 0, -226576000, -2130040976000]

-1190 | [0, 4760, 0, -226576000, 2130040976000]

1194 | [0, -4776, 0, -228101760, -2151592661376]

-1194 | [0, 4776, 0, -228101760, 2151592661376]

-1195 | [0, 1195, 1195, -14280250, 33702818025]

1198 | [0, -4792, 0, -229632640, -2173289231488]

-1198 | [0, 4792, 0, -229632640, 2173289231488]

1201 | [0, -1201, -1201, -14424010, -34213751720]

-1207 | [0, 1207, 1207, -14568490, 34728366462]

-1209 | [0, 4836, 0, -233868960, 2233705823856]

-1214 | [0, 4856, 0, -235807360, 2261534066816]

-1217 | [0, 4868, 0, -236974240, 2278341435632]

-1218 | [0, 4872, 0, -237363840, 2283962341248]

1222 | [0, -4888, 0, -238925440, -2306538412672]

-1223 | [0, 1223, 1223, -14957290, 36127838266]

1226 | [0, -4904, 0, -240492160, -2329262766464]

-1227 | [0, 1227, 1227, -15055290, 36483484257]

-1229 | [0, 4916, 0, -241670560, 2346403634096]

-1231 | [0, 1231, 1231, -15153610, 36841456632]

-1234 | [0, 4936, 0, -243640960, 2375158262656]

-1238 | [0, 4952, 0, -245223040, 2398330375808]

-1239 | [0, 1239, 1239, -15351210, 37564410870]

1243 | [0, -4972, 0, -247207840, -2427506826448]

-1249 | [0, 4996, 0, -249600160, 2462829738736]

-1253 | [0, 5012, 0, -251201440, 2486567694128]

1257 | [0, -1257, -1257, -15800490, -39226296474]

1262 | [0, -5048, 0, -254823040, -2540534744192]

-1262 | [0, 5048, 0, -254823040, 2540534744192]

1263 | [0, -5052, 0, -255227040, -2546578837008]

-1263 | [0, 1263, 1263, -15951690, 39789895536]

1266 | [0, -5064, 0, -256440960, -2564768617344]

-1267 | [0, 1267, 1267, -16052890, 40169146647]

-1271 | [0, 1271, 1271, -16154410, 40550799982]

1273 | [0, -1273, -1273, -16205290, -40743340118]

-1273 | [0, 5092, 0, -259284640, 2607547839088]

1282 | [0, -5128, 0, -262963840, -2663245178752]

-1283 | [0, 1283, 1283, -16460890, 41710249171]

-1286 | [0, 5144, 0, -264607360, 2688252013184]

1289 | [0, -1289, -1289, -16615210, -42299001618]

-1289 | [0, 5156, 0, -265843360, 2707109519216]

-1293 | [0, 5172, 0, -267495840, 2732389756848]

-1294 | [0, 5176, 0, -267909760, 2738734312576]

-1295 | [0, 1295, 1295, -16770250, 42891591400]

1297 | [0, -1297, -1297, -16822090, -43091465744]

1309 | [0, -1309, -1309, -17134810, -44298624293]

-1311 | [0, 1311, 1311, -17187210, 44501124132]

1313 | [0, -1313, -1313, -17239690, -44705964108]

-1317 | [0, 5268, 0, -277518240, 2887383024432]

-1318 | [0, 5272, 0, -277939840, 2893965202048]

-1319 | [0, 1319, 1319, -17397610, 45320774050]

-1322 | [0, 5288, 0, -279629440, 2920393945472]

-1326 | [0, 5304, 0, -281324160, 2946983105664]

1327 | [0, -5308, 0, -281748640, -2953655517712]

-1327 | [0, 1327, 1327, -17609290, 46150427232]

1330 | [0, -5320, 0, -283024000, -2973733168000]

-1330 | [0, 5320, 0, -283024000, 2973733168000]

-1333 | [0, 5332, 0, -284302240, 2993901598768]

1334 | [0, -5336, 0, -284728960, -3000644617856]

-1337 | [0, 5348, 0, -286011040, 3020934407792]

-1339 | [0, 1339, 1339, -17929210, 47413795845]

1342 | [0, -5368, 0, -288154240, -3054953621632]

-1342 | [0, 5368, 0, -288154240, 3054953621632]

1345 | [0, -1345, -1345, -18090250, -48054940100]

-1349 | [0, 5396, 0, -291168160, 3103008197936]

1353 | [0, -1353, -1353, -18306090, -48917533698]

-1355 | [0, 1355, 1355, -18360250, 49133865025]

-1361 | [0, 5444, 0, -296371360, 3186555225584]

1363 | [0, -5452, 0, -297243040, -3200623881808]

-1363 | [0, 1363, 1363, -18577690, 50009283711]

-1366 | [0, 5464, 0, -298552960, 3221804412544]

-1367 | [0, 1367, 1367, -18686890, 50450865622]

-1370 | [0, 5480, 0, -300304000, 3250190192000]

-1371 | [0, 1371, 1371, -18796410, 50895039357]

-1374 | [0, 5496, 0, -302060160, 3278742212736]

1378 | [0, -5512, 0, -303821440, -3307460960128]

-1378 | [0, 5512, 0, -303821440, 3307460960128]

-1382 | [0, 5528, 0, -305587840, 3336346919552]

-1383 | [0, 1383, 1383, -19126890, 52243187346]

1385 | [0, -1385, -1385, -19182250, -52471126650]

-1385 | [0, 5540, 0, -306916000, 3358121414000]

1387 | [0, -5548, 0, -307803040, -3372690250192]

1393 | [0, -1393, -1393, -19404490, -53385632888]

-1393 | [0, 5572, 0, -310471840, 3416649457648]

-1394 | [0, 5576, 0, -310917760, 3424012923776]

-1398 | [0, 5592, 0, -312704640, 3453572585088]

-1399 | [0, 1399, 1399, -19572010, 54077463630]

-1403 | [0, 1403, 1403, -19684090, 54542644981]

-1405 | [0, 5620, 0, -315844000, 3505710478000]

-1407 | [0, 1407, 1407, -19796490, 55010486412]

-1410 | [0, 5640, 0, -318096000, 3543271344000]

1411 | [0, -5644, 0, -318547360, -3550815567184]

-1414 | [0, 5656, 0, -319903360, 3573512473216]

-1415 | [0, 1415, 1415, -20022250, 55954179850]

-1418 | [0, 5672, 0, -321715840, 3603925182848]

-1426 | [0, 5704, 0, -325356160, 3665267284864]

-1427 | [0, 1427, 1427, -20363290, 57389860207]

1429 | [0, -1429, -1429, -20420410, -57632523143]

1430 | [0, -5720, 0, -327184000, -3696197648000]

-1437 | [0, 5748, 0, -330395040, 3750743612592]

-1438 | [0, 5752, 0, -330855040, 3758579425408]

1441 | [0, -1441, -1441, -20764810, -59096649260]

-1443 | [0, 1443, 1443, -20822490, 59342014251]

-1447 | [0, 1447, 1447, -20938090, 59836873602]

-1451 | [0, 1451, 1451, -21054010, 60334476457]

-1454 | [0, 5816, 0, -338258560, 3885440775296]

1457 | [0, -1457, -1457, -21228490, -61087102824]

-1462 | [0, 5848, 0, -341991040, 3949928113792]

1463 | [0, -5852, 0, -342459040, -3958038846608]

-1469 | [0, 5876, 0, -345273760, 4006936512176]

-1471 | [0, 1471, 1471, -21638410, 62863908732]

-1473 | [0, 5892, 0, -347156640, 4039757672688]

1474 | [0, -5896, 0, -347628160, -4047990871936]

-1478 | [0, 5912, 0, -349517440, 4081035532928]

-1481 | [0, 5924, 0, -350937760, 4105936698224]

-1482 | [0, 5928, 0, -351411840, 4114259540352]

1486 | [0, -5944, 0, -353311360, -4147663379584]

-1486 | [0, 5944, 0, -353311360, 4147663379584]

-1487 | [0, 1487, 1487, -22111690, 64937611192]

-1491 | [0, 1491, 1491, -22230810, 65463066207]

1493 | [0, -1493, -1493, -22290490, -65727967863]

-1493 | [0, 5972, 0, -356647840, 4206554278448]

-1495 | [0, 1495, 1495, -22350250, 65991348150]

-1497 | [0, 5988, 0, -358561440, 4240455157872]

-1498 | [0, 5992, 0, -359040640, 4248958741888]

-1502 | [0, 6008, 0, -360960640, 4283086762112]

1513 | [0, -1513, -1513, -22891690, -68404948058]

-1513 | [0, 6052, 0, -366267040, 4377880049008]

-1514 | [0, 6056, 0, -366751360, 4386566316416]

1515 | [0, -6060, 0, -367236000, -4395264066000]

-1515 | [0, 1515, 1515, -22952250, 68675427225]

-1517 | [0, 6068, 0, -368206240, 4412694042032]

-1526 | [0, 6104, 0, -372588160, 4491699304064]

-1531 | [0, 1531, 1531, -23439610, 70874348757]

-1535 | [0, 1535, 1535, -23562250, 71431317100]

1537 | [0, -1537, -1537, -23623690, -71712073364]

-1537 | [0, 6148, 0, -377979040, 4589534897392]

1542 | [0, -6168, 0, -380442240, -4634471279232]

-1542 | [0, 6168, 0, -380442240, 4634471279232]

1543 | [0, -6172, 0, -380935840, -4643493608848]

-1546 | [0, 6184, 0, -382418560, 4670630840704]

-1547 | [0, 1547, 1547, -23932090, 73119714577]

1553 | [0, -1553, -1553, -24118090, -73975005648]

-1553 | [0, 6212, 0, -385889440, 4734361772528]

1558 | [0, -6232, 0, -388378240, -4780237053568]

-1558 | [0, 6232, 0, -388378240, 4780237053568]

-1559 | [0, 1559, 1559, -24304810, 74834509990]

1562 | [0, -6248, 0, -390375040, -4817149918592]

-1567 | [0, 1567, 1567, -24554890, 75992473572]

1574 | [0, -6296, 0, -396396160, -4929027691136]

-1579 | [0, 1579, 1579, -24932410, 77751720585]

-1581 | [0, 6324, 0, -399929760, 4995082709424]

-1583 | [0, 1583, 1583, -25058890, 78344113696]

-1586 | [0, 6344, 0, -402463360, 5042624422784]

-1590 | [0, 6360, 0, -404496000, 5080874256000]

-1591 | [0, 1591, 1591, -25312810, 79537911582]

-1594 | [0, 6376, 0, -406533760, 5119317026176]

-1601 | [0, 6404, 0, -410112160, 5187057588464]

-1613 | [0, 6452, 0, -416283040, 5304569893808]

1614 | [0, -6456, 0, -416799360, -5314441919616]

-1614 | [0, 6456, 0, -416799360, 5314441919616]

-1619 | [0, 1619, 1619, -26211610, 83811622975]

-1622 | [0, 6488, 0, -420941440, 5393859423872]

-1623 | [0, 1623, 1623, -26341290, 84434370966]

-1627 | [0, 1627, 1627, -26471290, 85060196157]

1630 | [0, -6520, 0, -425104000, -5474064208000]

-1630 | [0, 6520, 0, -425104000, 5474064208000]

-1634 | [0, 6536, 0, -427192960, 5514463043456]

1641 | [0, -1641, -1641, -26928810, -87276273210]

-1641 | [0, 6564, 0, -430860960, 5585638399344]

-1643 | [0, 1643, 1643, -26994490, 87594420601]

1645 | [0, -1645, -1645, -27060250, -87916046225]

-1645 | [0, 6580, 0, -432964000, 5626583662000]

-1646 | [0, 6584, 0, -433490560, 5636851147904]

-1649 | [0, 6596, 0, -435072160, 5667728535536]

1657 | [0, -1657, -1657, -27456490, -89854109174]

-1657 | [0, 6628, 0, -439303840, 5750619056752]

-1658 | [0, 6632, 0, -439834240, 5761036842368]

-1662 | [0, 6648, 0, -441959040, 5802833803392]

-1663 | [0, 1663, 1663, -27655690, 90832348236]

-1667 | [0, 1667, 1667, -27788890, 91489362547]

-1669 | [0, 6676, 0, -445689760, 5876464054576]

-1671 | [0, 1671, 1671, -27922410, 92149537482]

-1678 | [0, 6712, 0, -450509440, 5972043238528]

-1679 | [0, 1679, 1679, -28190410, 93479399560]

-1685 | [0, 6740, 0, -454276000, 6047094974000]

-1693 | [0, 6772, 0, -458599840, 6133635280048]

1697 | [0, -1697, -1697, -28798090, -96519678444]

-1702 | [0, 6808, 0, -463488640, 6231975555712]

1705 | [0, -1705, -1705, -29070250, -97891159850]

-1707 | [0, 1707, 1707, -29138490, 98234591337]

-1711 | [0, 1711, 1711, -29275210, 98926789632]

-1713 | [0, 6852, 0, -469499040, 6353589658608]

-1714 | [0, 6856, 0, -470047360, 6364723282816]

1718 | [0, -6872, 0, -472243840, -6409387845248]

-1718 | [0, 6872, 0, -472243840, 6409387845248]

-1722 | [0, 6888, 0, -474445440, 6454260876672]

-1723 | [0, 1723, 1723, -29687290, 101022879141]

1726 | [0, -6904, 0, -476652160, -6499342862464]

-1726 | [0, 6904, 0, -476652160, 6499342862464]

1729 | [0, -1729, -1729, -29894410, -102083431268]

-1729 | [0, 6916, 0, -478310560, 6533291770096]

-1733 | [0, 6932, 0, -480526240, 6578740593968]

-1735 | [0, 1735, 1735, -30102250, 103148369850]

1738 | [0, -6952, 0, -483303040, -6635847399808]

-1739 | [0, 1739, 1739, -30241210, 103863435745]

-1745 | [0, 6980, 0, -487204000, 6716350742000]

-1749 | [0, 6996, 0, -489440160, 6762643634736]

-1751 | [0, 1751, 1751, -30660010, 106028446582]

1753 | [0, -1753, -1753, -30730090, -106393717598]

-1753 | [0, 7012, 0, -491681440, 6809148758128]

-1757 | [0, 7028, 0, -493927840, 6855866597552]

-1759 | [0, 1759, 1759, -30940810, 107488373940]

-1761 | [0, 7044, 0, -496179360, 6902797638384]

-1762 | [0, 7048, 0, -496743040, 6914563768192]

1766 | [0, -7064, 0, -499000960, -6961761993344]

-1766 | [0, 7064, 0, -499000960, 6961761993344]

-1767 | [0, 1767, 1767, -31222890, 108961641522]

-1770 | [0, 7080, 0, -501264000, 7009174512000]

1774 | [0, -7096, 0, -503532160, -7056801809536]

1777 | [0, -1777, -1777, -31577290, -110823656984]

-1778 | [0, 7112, 0, -505805440, 7104644371328]

-1781 | [0, 7124, 0, -507513760, 7140667851824]

-1786 | [0, 7144, 0, -510367360, 7200977229184]

-1790 | [0, 7160, 0, -512656000, 7249468496000]

1793 | [0, -1793, -1793, -32148490, -113844232788]

-1795 | [0, 1795, 1795, -32220250, 114224008275]

-1798 | [0, 7192, 0, -517248640, 7347103132288]

-1799 | [0, 1799, 1799, -32364010, 114989327530]

1803 | [0, -7212, 0, -520129440, -7408567704528]

-1803 | [0, 1803, 1803, -32508090, 115758057681]

-1806 | [0, 7224, 0, -521861760, 7445610474624]

1807 | [0, -7228, 0, -522439840, -7457985447952]

-1811 | [0, 1811, 1811, -32797210, 117305781007]

-1814 | [0, 7256, 0, -526495360, 7544994406016]

-1822 | [0, 7288, 0, -531149440, 7645258809472]

-1823 | [0, 1823, 1823, -33233290, 119653137316]

1830 | [0, -7320, 0, -535824000, -7746407568000]

1833 | [0, -1833, -1833, -33598890, -121634701578]

-1833 | [0, 7332, 0, -537582240, 7784567142768]

-1834 | [0, 7336, 0, -538168960, 7797314793856]

1838 | [0, -7352, 0, -540519040, -7848444564608]

-1839 | [0, 1839, 1839, -33819210, 122831370720]

1841 | [0, -1841, -1841, -33892810, -123234257160]

-1847 | [0, 1847, 1847, -34114090, 124441377502]

1855 | [0, -7420, 0, -550564000, -8068240138000]

-1855 | [0, 1855, 1855, -34410250, 126065391900]

-1858 | [0, 7432, 0, -552346240, 8107448579968]

-1861 | [0, 7444, 0, -554131360, 8146783841584]

-1865 | [0, 7460, 0, -556516000, 8199428486000]

-1866 | [0, 7464, 0, -557112960, 8212624988544]

-1867 | [0, 1867, 1867, -34856890, 128527810497]

1870 | [0, -7480, 0, -559504000, -8265552592000]

-1878 | [0, 7512, 0, -564301440, 8372089024128]

1882 | [0, -7528, 0, -566707840, -8425698823552]

-1883 | [0, 1883, 1883, -35456890, 131860628221]

-1887 | [0, 1887, 1887, -35607690, 132702739092]

-1891 | [0, 1891, 1891, -35758810, 133548427707]

1897 | [0, -1897, -1897, -35986090, -134825484794]

-1898 | [0, 7592, 0, -576384640, 8642426569088]

-1902 | [0, 7608, 0, -578816640, 8697183069312]

-1905 | [0, 7620, 0, -580644000, 8738401878000]

-1909 | [0, 7636, 0, -583084960, 8793562590256]

-1910 | [0, 7640, 0, -583696000, 8807388944000]

-1927 | [0, 1927, 1927, -37133290, 141321875082]

-1930 | [0, 7720, 0, -595984000, 9086968048000]

-1931 | [0, 1931, 1931, -37287610, 142203758257]

1937 | [0, -1937, -1937, -37519690, -143535326064]

-1938 | [0, 7752, 0, -600935040, 9200435649408]

-1942 | [0, 7768, 0, -603418240, 9257521954432]

-1943 | [0, 1943, 1943, -37752490, 144871405126]

1946 | [0, -7784, 0, -605906560, -9314843909504]

-1946 | [0, 7784, 0, -605906560, 9314843909504]

-1954 | [0, 7816, 0, -610898560, 9430196711296]

-1955 | [0, 1955, 1955, -38220250, 147572207275]

-1957 | [0, 7828, 0, -612775840, 9473698319152]

1969 | [0, -1969, -1969, -38769610, -150767259368]

1974 | [0, -7896, 0, -623468160, -9722736567936]

-1977 | [0, 7908, 0, -625364640, 9767132556912]

-1979 | [0, 1979, 1979, -39164410, 153074096485]

-1981 | [0, 7924, 0, -627897760, 9826537154224]

-1982 | [0, 7928, 0, -628531840, 9841425844352]

1985 | [0, -1985, -1985, -39402250, -154472580900]

-1985 | [0, 7940, 0, -630436000, 9886182134000]

-1986 | [0, 7944, 0, -631071360, 9901130995584]

-1987 | [0, 1987, 1987, -39481690, 154937996067]

-1990 | [0, 7960, 0, -633616000, 9961077136000]

-1993 | [0, 7972, 0, -635527840, 10006195182448]

-1999 | [0, 1999, 1999, -39960010, 157762119480]

-2001 | [0, 8004, 0, -640640160, 10127175585264]

-2010 | [0, 8040, 0, -646416000, 10264439664000]

2013 | [0, -2013, -2013, -40521690, -161102082933]

-2015 | [0, 2015, 2015, -40602250, 161580714100]

2018 | [0, -8072, 0, -651571840, -10387488587648]

-2021 | [0, 8084, 0, -653510560, 10433884249904]

2030 | [0, -8120, 0, -659344000, -10573899728000]

-2030 | [0, 8120, 0, -659344000, 10573899728000]

2031 | [0, -8124, 0, -659993760, -10589533879824]

-2031 | [0, 2031, 2031, -41249610, 165460435632]

2033 | [0, -2033, -2033, -41330890, -165951789528]

2038 | [0, -8152, 0, -664551040, -10699404654208]

-2039 | [0, 2039, 2039, -41575210, 167423370670]

2041 | [0, -2041, -2041, -41656810, -167918601110]

-2041 | [0, 8164, 0, -666508960, 10746723820144]

-2042 | [0, 8168, 0, -667162240, 10762527823232]

-2053 | [0, 8212, 0, -674369440, 10937395636528]

-2054 | [0, 8216, 0, -675026560, 10953385978496]

-2063 | [0, 2063, 2063, -42559690, 173405200936]

-2067 | [0, 2067, 2067, -42724890, 174415818447]

-2071 | [0, 2071, 2071, -42890410, 175430354982]

2074 | [0, -8296, 0, -688236160, -11276474187136]

-2074 | [0, 8296, 0, -688236160, 11276474187136]

-2078 | [0, 8312, 0, -690893440, 11341844889728]

2081 | [0, -2081, -2081, -43305610, -177986057100]

-2081 | [0, 8324, 0, -692889760, 11391038365424]

-2085 | [0, 8340, 0, -695556000, 11456850654000]

-2086 | [0, 8344, 0, -696223360, 11473343238784]

-2087 | [0, 2087, 2087, -43555690, 179527843042]

2091 | [0, -8364, 0, -699564960, -11556043617744]

-2093 | [0, 8372, 0, -700903840, 11589234723248]

2095 | [0, -8380, 0, -702244000, -11622489322000]

-2103 | [0, 2103, 2103, -44226090, 183688642206]

-2111 | [0, 2111, 2111, -44563210, 185792935132]

-2114 | [0, 8456, 0, -715039360, 11941586335616]

-2119 | [0, 2119, 2119, -44901610, 187913237850]

-2122 | [0, 8488, 0, -720461440, 12077671487872]

-2126 | [0, 8504, 0, -723180160, 12146100059264]

2138 | [0, -8552, 0, -731367040, -12352935579008]

-2141 | [0, 8564, 0, -733420960, 12405008775344]

2145 | [0, -2145, -2145, -46010250, -194917823100]

-2147 | [0, 2147, 2147, -46096090, 195461250427]

2153 | [0, -2153, -2153, -46354090, -197106861498]

-2153 | [0, 8612, 0, -741665440, 12614764969328]

-2155 | [0, 2155, 2155, -46440250, 197654348025]

-2158 | [0, 8632, 0, -745114240, 12702856586368]

-2159 | [0, 2159, 2159, -46612810, 198757021840]

-2162 | [0, 8648, 0, -747879040, 12773624427392]

-2163 | [0, 2163, 2163, -46785690, 199863789111]

2167 | [0, -8668, 0, -751342240, -12862453209232]

2171 | [0, -8684, 0, -754118560, -12933812010704]

2173 | [0, -2173, -2173, -47219290, -202651026893]

-2173 | [0, 8692, 0, -755508640, 12969590170288]

-2174 | [0, 8696, 0, -756204160, 12987503966336]

2177 | [0, -2177, -2177, -47393290, -203772189684]

-2177 | [0, 8708, 0, -758292640, 13041344310512]

2182 | [0, -8728, 0, -761779840, -13131408525952]

2185 | [0, -2185, -2185, -47742250, -206026905650]

-2186 | [0, 8744, 0, -764575360, 13203757721984]

-2189 | [0, 8756, 0, -766675360, 13258193668016]

-2191 | [0, 2191, 2191, -48004810, 207726413832]

2193 | [0, -2193, -2193, -48092490, -208298192688]

-2199 | [0, 2199, 2199, -48356010, 210010151430]

-2202 | [0, 8808, 0, -775808640, 13495811939712]

-2207 | [0, 2207, 2207, -48708490, 212310566212]

-2210 | [0, 8840, 0, -781456000, 13643440304000]

-2213 | [0, 8852, 0, -783579040, 13699077282608]

-2218 | [0, 8872, 0, -787123840, 13792141349248]

-2219 | [0, 2219, 2219, -49239610, 215792590825]

2222 | [0, -8888, 0, -789965440, -13866895340672]

-2226 | [0, 8904, 0, -792812160, 13941918958464]

2227 | [0, -8908, 0, -793524640, -13960717048912]

-2229 | [0, 8916, 0, -794950560, 13998363906096]

2233 | [0, -2233, -2233, -49862890, -219905317478]

-2237 | [0, 8948, 0, -800667040, 14149628130992]

-2239 | [0, 2239, 2239, -50131210, 221680210620]

-2243 | [0, 2243, 2243, -50310490, 222870439651]

-2246 | [0, 8984, 0, -807122560, 14321098431104]

-2247 | [0, 2247, 2247, -50490090, 224064921402]

-2251 | [0, 2251, 2251, -50670010, 225263663457]

2255 | [0, -9020, 0, -813604000, -14493948458000]

-2255 | [0, 2255, 2255, -50850250, 226466673400]

-2257 | [0, 9028, 0, -815047840, 14532547501552]

-2261 | [0, 9044, 0, -817939360, 14609951054384]

-2262 | [0, 9048, 0, -818663040, 14629344792192]

-2263 | [0, 2263, 2263, -51211690, 228885527286]

-2265 | [0, 9060, 0, -820836000, 14687628966000]

-2273 | [0, 9092, 0, -826644640, 14843809807088]

-2279 | [0, 2279, 2279, -51938410, 233774783410]

-2282 | [0, 9128, 0, -833203840, 15020832186752]

-2283 | [0, 2283, 2283, -52120890, 235007880921]

-2287 | [0, 2287, 2287, -52303690, 236245306992]

-2294 | [0, 9176, 0, -841989760, 15259043624576]

-2306 | [0, 9224, 0, -850821760, 15499760330624]

-2307 | [0, 2307, 2307, -53222490, 242497631187]

-2309 | [0, 9236, 0, -853036960, 15560332491056]

-2318 | [0, 9272, 0, -859699840, 15742995410048]

-2319 | [0, 2319, 2319, -53777610, 246301453800]

2321 | [0, -2321, -2321, -53870410, -246941959440]

-2321 | [0, 9284, 0, -861926560, 15804199211504]

-2327 | [0, 2327, 2327, -54149290, 248859306982]

2329 | [0, -2329, -2329, -54242410, -249504237518]

-2329 | [0, 9316, 0, -867878560, 15968184413296]

-2330 | [0, 9320, 0, -868624000, 15988761968000]

2338 | [0, -9352, 0, -874599040, -16154019188608]

-2338 | [0, 9352, 0, -874599040, 16154019188608]

-2339 | [0, 2339, 2339, -54709210, 252729195595]

-2342 | [0, 9368, 0, -877594240, 16237073109632]

-2345 | [0, 9380, 0, -879844000, 16299550022000]

-2351 | [0, 2351, 2351, -55272010, 256638996832]

2353 | [0, -2353, -2353, -55366090, -257297293448]

-2361 | [0, 9444, 0, -891891360, 16635468457584]

2362 | [0, -9448, 0, -892647040, -16656615236992]

-2373 | [0, 9492, 0, -900980640, 16890413763888]

-2378 | [0, 9512, 0, -904781440, 16997405088128]

-2382 | [0, 9528, 0, -907827840, 17083322727552]

-2383 | [0, 2383, 2383, -56786890, 267261819096]

-2386 | [0, 9544, 0, -910879360, 17169529408384]

-2389 | [0, 9556, 0, -913171360, 17234374394416]

2390 | [0, -9560, 0, -913936000, -17256025616000]

-2393 | [0, 9572, 0, -916231840, 17321088065648]

-2397 | [0, 9588, 0, -919297440, 17408092113072]

2398 | [0, -9592, 0, -920064640, -17429888553088]

-2398 | [0, 9592, 0, -920064640, 17429888553088]

-2405 | [0, 9620, 0, -925444000, 17582973278000]

-2406 | [0, 9624, 0, -926213760, 17604915421824]

-2407 | [0, 2407, 2407, -57936490, 275418486162]

2409 | [0, -2409, -2409, -58032810, -276108503418]

-2409 | [0, 9636, 0, -928524960, 17670851366256]

2410 | [0, -9640, 0, -929296000, -17692866544000]

-2411 | [0, 2411, 2411, -58129210, 276793859257]

-2415 | [0, 2415, 2415, -58322250, 278173803600]

-2422 | [0, 9688, 0, -938573440, 17958476486272]

-2426 | [0, 9704, 0, -941676160, 18047600276864]

-2427 | [0, 2427, 2427, -58903290, 282341139957]

2431 | [0, -9724, 0, -945561760, -18159419044624]

2433 | [0, -2433, -2433, -59194890, -284443285428]

2438 | [0, -9752, 0, -951015040, -18316739873408]

-2438 | [0, 9752, 0, -951015040, 18316739873408]

2449 | [0, -2449, -2449, -59976010, -290091965168]

2451 | [0, -9804, 0, -961184160, -18611312771664]

-2455 | [0, 2455, 2455, -60270250, 292226334150]

-2463 | [0, 2463, 2463, -60663690, 295092453636]

-2470 | [0, 9880, 0, -976144000, 19047497872000]

-2471 | [0, 2471, 2471, -61058410, 297977252482]

2474 | [0, -9896, 0, -979308160, -19140186263936]

-2474 | [0, 9896, 0, -979308160, 19140186263936]

-2477 | [0, 9908, 0, -981684640, 19209899540912]

-2481 | [0, 9924, 0, -984857760, 19303113610224]

-2482 | [0, 9928, 0, -985651840, 19326464148352]

-2483 | [0, 2483, 2483, -61652890, 302339607271]

2489 | [0, -2489, -2489, -61951210, -304539758118]

2491 | [0, -9964, 0, -992812960, -19537466958544]

-2494 | [0, 9976, 0, -995205760, 19608141006976]

2497 | [0, -2497, -2497, -62350090, -307485703844]

-2498 | [0, 9992, 0, -998400640, 19702637909888]

-2503 | [0, 2503, 2503, -62650090, 309704454906]

-2505 | [0, 10020, 0, -1004004000, 19868737158000]

-2507 | [0, 2507, 2507, -62850490, 311191631137]

-2514 | [0, 10056, 0, -1011231360, 20083661548416]

-2518 | [0, 10072, 0, -1014451840, 20179678891648]

-2526 | [0, 10104, 0, -1020908160, 20372630696064]

-2537 | [0, 10148, 0, -1029819040, 20639942145392]

-2543 | [0, 2543, 2543, -64668490, 324791024176]

-2551 | [0, 2551, 2551, -65076010, 327865953582]

2554 | [0, -10216, 0, -1043666560, -21057642714496]

-2554 | [0, 10216, 0, -1043666560, 21057642714496]

-2558 | [0, 10232, 0, -1046938240, 21156737341568]

-2559 | [0, 2559, 2559, -65484810, 330960229740]

-2562 | [0, 10248, 0, -1050215040, 21256142366592]

2569 | [0, -2569, -2569, -65997610, -334858673618]

-2569 | [0, 10276, 0, -1055961760, 21430849515376]

-2570 | [0, 10280, 0, -1056784000, 21455885552000]

2579 | [0, -10316, 0, -1064198560, -21682087881296]

-2581 | [0, 10324, 0, -1065849760, 21732570021424]

-2582 | [0, 10328, 0, -1066675840, 21757840449152]

2585 | [0, -2585, -2585, -66822250, -341154315150]

-2585 | [0, 10340, 0, -1069156000, 21833769254000]

-2587 | [0, 2587, 2587, -66925690, 341943427917]

-2591 | [0, 2591, 2591, -67132810, 343532015332]

2593 | [0, -2593, -2593, -67236490, -344331512588]

-2593 | [0, 10372, 0, -1075783840, 22037109227248]

-2598 | [0, 10392, 0, -1079936640, 22164835586688]

2602 | [0, -10408, 0, -1083264640, -22267371286912]

-2602 | [0, 10408, 0, -1083264640, 22267371286912]

-2603 | [0, 2603, 2603, -67756090, 348327283081]

-2606 | [0, 10424, 0, -1086597760, 22370222724224]

-2609 | [0, 10436, 0, -1089100960, 22447568796656]

-2614 | [0, 10456, 0, -1093279360, 22576874751616]

-2615 | [0, 2615, 2615, -68382250, 353166968350]

-2617 | [0, 10468, 0, -1095790240, 22654696158832]

2618 | [0, -10472, 0, -1096627840, -22680676312448]

-2618 | [0, 10472, 0, -1096627840, 22680676312448]

2623 | [0, -10492, 0, -1100820640, -22810875055888]

-2626 | [0, 10504, 0, -1103340160, 22889232955264]

-2631 | [0, 2631, 2631, -69221610, 359689329882]

-2639 | [0, 2639, 2639, -69643210, 362980410520]

-2642 | [0, 10568, 0, -1116826240, 23310173916032]

-2647 | [0, 2647, 2647, -70066090, 366291505302]

-2653 | [0, 10612, 0, -1126145440, 23602544433328]

2657 | [0, -2657, -2657, -70596490, -370462140924]

-2657 | [0, 10628, 0, -1129543840, 23709464064752]

-2658 | [0, 10632, 0, -1130394240, 23736244330368]

-2670 | [0, 10680, 0, -1140624000, 24059182032000]

-2678 | [0, 10712, 0, -1147469440, 24276092966528]

-2679 | [0, 2679, 2679, -71770410, 379737239310]

-2683 | [0, 2683, 2683, -71984890, 381440733621]

-2686 | [0, 10744, 0, -1154335360, 24494303737984]

-2690 | [0, 10760, 0, -1157776000, 24603897776000]

-2694 | [0, 10776, 0, -1161221760, 24713818229376]

2697 | [0, -2697, -2697, -72738090, -387446710194]

2701 | [0, -2701, -2701, -72954010, -389173166345]

-2702 | [0, 10808, 0, -1168128640, 24934640323712]

-2703 | [0, 2703, 2703, -73062090, 390034661256]

-2705 | [0, 10820, 0, -1170724000, 25017786518000]

-2714 | [0, 10856, 0, -1178527360, 25268333714816]

-2719 | [0, 2719, 2719, -73929610, 397002005700]

-2722 | [0, 10888, 0, -1185485440, 25492441804672]

-2723 | [0, 2723, 2723, -74147290, 398756710891]

-2729 | [0, 10916, 0, -1191590560, 25689620042096]

-2730 | [0, 10920, 0, -1192464000, 25717871088000]

-2735 | [0, 2735, 2735, -74802250, 404051833600]

2737 | [0, -2737, -2737, -74911690, -404942631464]

2742 | [0, -10968, 0, -1202970240, -26058500744832]

-2743 | [0, 2743, 2743, -75240490, 407607830526]

-2747 | [0, 2747, 2747, -75460090, 409393626277]

-2751 | [0, 2751, 2751, -75680010, 411184630332]

-2758 | [0, 11032, 0, -1217050240, 26517334039168]

2766 | [0, -11064, 0, -1224120960, -26748756745344]

-2767 | [0, 2767, 2767, -76562890, 418400881272]

2769 | [0, -2769, -2769, -76673610, -419312638368]

-2771 | [0, 2771, 2771, -76784410, 420218040607]

-2774 | [0, 11096, 0, -1231212160, 26981522001536]

-2777 | [0, 11108, 0, -1233876640, 27069155891312]

-2778 | [0, 11112, 0, -1234765440, 27098409299328]

-2779 | [0, 2779, 2779, -77228410, 423868128285]

-2782 | [0, 11128, 0, -1238323840, 27215633690752]

-2789 | [0, 11156, 0, -1244563360, 27421588967216]

-2791 | [0, 2791, 2791, -77896810, 429382796082]

-2801 | [0, 11204, 0, -1255296160, 27777067898864]

-2802 | [0, 11208, 0, -1256192640, 27806829040512]

2806 | [0, -11224, 0, -1259781760, -27926086186624]

-2807 | [0, 2807, 2807, -78792490, 436809806062]

-2810 | [0, 11240, 0, -1263376000, 28045683824000]

2813 | [0, -2813, -2813, -79129690, -439620818733]

-2813 | [0, 11252, 0, -1266075040, 28135605791408]

-2815 | [0, 2815, 2815, -79242250, 440555213100]

-2818 | [0, 11272, 0, -1270579840, 28285902514048]

-2822 | [0, 11288, 0, -1274189440, 28406524537472]

-2823 | [0, 2823, 2823, -79693290, 444321969066]

2827 | [0, -11308, 0, -1278708640, -28557783669712]

-2830 | [0, 11320, 0, -1281424000, 28648796368000]

-2834 | [0, 11336, 0, -1285048960, 28770447145856]

-2837 | [0, 11348, 0, -1287771040, 28861910879792]

-2838 | [0, 11352, 0, -1288679040, 28892441812608]

-2843 | [0, 2843, 2843, -80826490, 453832658701]

-2846 | [0, 11384, 0, -1295954560, 29137464754304]

2849 | [0, -2849, -2849, -81168010, -456716158668]

-2855 | [0, 2855, 2855, -81510250, 459603695650]

-2857 | [0, 11428, 0, -1305991840, 29476627626352]

-2866 | [0, 11464, 0, -1314232960, 29756074140544]

-2867 | [0, 2867, 2867, -82196890, 465423450247]

-2869 | [0, 11476, 0, -1316985760, 29849613948976]

-2870 | [0, 11480, 0, -1317904000, 29880837392000]

-2877 | [0, 11508, 0, -1324340640, 30100011368112]

2878 | [0, -11512, 0, -1325261440, -30131409152128]

-2878 | [0, 11512, 0, -1325261440, 30131409152128]

-2879 | [0, 2879, 2879, -82886410, 471292127260]

2882 | [0, -11528, 0, -1328947840, -30257218631552]

-2895 | [0, 2895, 2895, -83810250, 479193485400]

2897 | [0, -2897, -2897, -83926090, -480191516544]

-2899 | [0, 2899, 2899, -84042010, 481182528255]

-2901 | [0, 11604, 0, -1346528160, 30859597718064]

-2903 | [0, 2903, 2903, -84274090, 483177067606]

-2910 | [0, 11640, 0, -1354896000, 31147704144000]

-2911 | [0, 2911, 2911, -84739210, 487182666132]

-2914 | [0, 11656, 0, -1358623360, 31276324921216]

-2919 | [0, 2919, 2919, -85205610, 491210341650]

-2922 | [0, 11688, 0, -1366093440, 31534627750272]

-2923 | [0, 2923, 2923, -85439290, 493232477241]

-2926 | [0, 11704, 0, -1369836160, 31664310772864]

-2929 | [0, 11716, 0, -1372646560, 31761806016496]

-2933 | [0, 11732, 0, -1376398240, 31892110699568]

2935 | [0, -11740, 0, -1378276000, -31957396474000]

2937 | [0, -2937, -2937, -86259690, -500357957814]

-2939 | [0, 2939, 2939, -86377210, 501376515445]

-2942 | [0, 11768, 0, -1384858240, 32186598242432]

-2945 | [0, 11780, 0, -1387684000, 32285162102000]

-2947 | [0, 2947, 2947, -86848090, 505481938227]

2954 | [0, -11816, 0, -1396178560, -32582060583296]

-2954 | [0, 11816, 0, -1396178560, 32582060583296]

-2958 | [0, 11832, 0, -1399962240, 32714597616768]

2959 | [0, -11836, 0, -1400908960, -32747787939856]

-2959 | [0, 2959, 2959, -87556810, 511681997640]

2962 | [0, -11848, 0, -1403751040, -32847493585792]

-2966 | [0, 11864, 0, -1407544960, 32980748975744]

-2967 | [0, 2967, 2967, -88030890, 515843409222]

2977 | [0, -2977, -2977, -88625290, -521081255084]

-2977 | [0, 11908, 0, -1418004640, 33349058524912]

-2978 | [0, 11912, 0, -1418957440, 33382676524928]

2983 | [0, -11932, 0, -1423726240, -33551105453968]

-2983 | [0, 2983, 2983, -88982890, 524233798146]

-2987 | [0, 2987, 2987, -89221690, 526345515817]

-2991 | [0, 2991, 2991, -89460810, 528462896832]

-2994 | [0, 11976, 0, -1434245760, 33923641262976]

-2998 | [0, 11992, 0, -1438080640, 34059789493888]

-2999 | [0, 2999, 2999, -89940010, 532714679230]

-3002 | [0, 12008, 0, -1441920640, 34196301514112]

3003 | [0, -12012, 0, -1442881440, -34230486418128]

-3005 | [0, 12020, 0, -1444804000, 34298924558000]

-3009 | [0, 12036, 0, -1448652960, 34436074377456]

3010 | [0, -12040, 0, -1449616000, -34470418864000]

-3010 | [0, 12040, 0, -1449616000, 34470418864000]

-3011 | [0, 3011, 3011, -90661210, 539135017507]

-3013 | [0, 12052, 0, -1452507040, 34573589321008]

3018 | [0, -12072, 0, -1457331840, -34745997195648]

-3021 | [0, 12084, 0, -1460230560, 34849716521904]

-3022 | [0, 12088, 0, -1461197440, 34884335443072]

-3027 | [0, 3027, 3027, -91627290, 547775427807]

3029 | [0, -3029, -3029, -91748410, -548866513143]

-3031 | [0, 3031, 3031, -91869610, 549949859382]

-3035 | [0, 3035, 3035, -92112250, 552130037725]

-3043 | [0, 3043, 3043, -92598490, 556507665051]

-3055 | [0, 3055, 3055, -93330250, 563117396400]

-3057 | [0, 12228, 0, -1495239840, 36110490707952]

-3066 | [0, 12264, 0, -1504056960, 36430365250944]

-3071 | [0, 3071, 3071, -94310410, 572011498732]

-3077 | [0, 12308, 0, -1514868640, 36823881361712]

-3079 | [0, 3079, 3079, -94802410, 576493455210]

-3086 | [0, 12344, 0, -1523743360, 37147948870784]

3091 | [0, -12364, 0, -1528684960, -37328805169744]

-3097 | [0, 12388, 0, -1534625440, 37546606402672]

-3098 | [0, 12392, 0, -1535616640, 37582988770688]

-3101 | [0, 12404, 0, -1538592160, 37692276876464]

3102 | [0, -12408, 0, -1539584640, -37728753270912]

3103 | [0, -12412, 0, -1540577440, -37765253190928]

-3103 | [0, 3103, 3103, -96286090, 590079673956]

-3109 | [0, 12436, 0, -1546540960, 37984747172656]

-3110 | [0, 12440, 0, -1547536000, 38021411984000]

3113 | [0, -3113, -3113, -96907690, -595807859658]

3118 | [0, -12472, 0, -1555507840, -38315580216448]

-3118 | [0, 12472, 0, -1555507840, 38315580216448]

-3119 | [0, 3119, 3119, -97281610, 599254717600]

3121 | [0, -3121, -3121, -97406410, -600413111240]

3129 | [0, -3129, -3129, -97906410, -605042032518]

3134 | [0, -12536, 0, -1571512960, -38908460771456]

-3134 | [0, 12536, 0, -1571512960, 38908460771456]

-3135 | [0, 3135, 3135, -98282250, 608524379100]

-3137 | [0, 12548, 0, -1574523040, 39020302334192]

-3142 | [0, 12568, 0, -1579546240, 39207180860032]

-3143 | [0, 3143, 3143, -98784490, 613194843226]

3153 | [0, -3153, -3153, -99414090, -619071421248]

3154 | [0, -12616, 0, -1591634560, -39658121677696]

-3154 | [0, 12616, 0, -1591634560, 39658121677696]

3157 | [0, -3157, -3157, -99666490, -621430531799]

-3163 | [0, 3163, 3163, -100045690, 624975420861]

-3165 | [0, 12660, 0, -1602756000, 40074509646000]

3166 | [0, -12664, 0, -1603768960, -40112506966144]

-3167 | [0, 3167, 3167, -100298890, 627349497172]

-3170 | [0, 12680, 0, -1607824000, 40264736432000]

-3178 | [0, 12712, 0, -1615949440, 40570349830528]

3193 | [0, -3193, -3193, -101952490, -642932792438]

-3197 | [0, 12788, 0, -1635329440, 41302370935472]

-3198 | [0, 12792, 0, -1636352640, 41341140367488]

-3203 | [0, 3203, 3203, -102592090, 648987302131]

-3207 | [0, 3207, 3207, -102848490, 651421765962]

-3218 | [0, 12872, 0, -1656883840, 42121632357248]

-3219 | [0, 3219, 3219, -103619610, 658761670575]

-3223 | [0, 3223, 3223, -103877290, 661220501766]

3229 | [0, -3229, -3229, -104264410, -664925421893]

-3230 | [0, 12920, 0, -1669264000, 42594609488000]

3233 | [0, -3233, -3233, -104522890, -667399557228]

-3233 | [0, 12932, 0, -1672366240, 42713404425968]

3238 | [0, -12952, 0, -1677543040, -42911886471808]

-3239 | [0, 3239, 3239, -104911210, 671117010370]

3241 | [0, -3241, -3241, -105040810, -672366224810]

3242 | [0, -12968, 0, -1681690240, -43071114088832]

-3242 | [0, 12968, 0, -1681690240, 43071114088832]

-3247 | [0, 3247, 3247, -105430090, 676102081152]

3251 | [0, -13004, 0, -1691040160, -43430815325264]

-3251 | [0, 3251, 3251, -105690010, 678603847207]

3253 | [0, -3253, -3253, -105820090, -679862332223]

-3255 | [0, 3255, 3255, -105950250, 681111777150]

-3262 | [0, 13048, 0, -1702503040, 43873162840192]

-3263 | [0, 3263, 3263, -106471690, 686146159036]

-3274 | [0, 13096, 0, -1715052160, 44359138097536]

3278 | [0, -13112, 0, -1719245440, -44521923763328]

3282 | [0, -13128, 0, -1723443840, -44685107194752]

-3286 | [0, 13144, 0, -1727647360, 44848688877184]

3289 | [0, -3289, -3289, -108175210, -702684529118]

-3295 | [0, 3295, 3295, -108570250, 706531758900]

-3297 | [0, 13188, 0, -1739233440, 45300595948272]

-3302 | [0, 13208, 0, -1744512640, 45507007824512]

-3306 | [0, 13224, 0, -1748741760, 45672588042624]

-3307 | [0, 3307, 3307, -109362490, 714279230937]

3313 | [0, -3313, -3313, -109759690, -718179603608]

-3317 | [0, 13268, 0, -1760398240, 46130003600432]

-3318 | [0, 13272, 0, -1761459840, 46171737618048]

-3319 | [0, 3319, 3319, -110157610, 722083133550]

3322 | [0, -13288, 0, -1765709440, -46338925401472]

3333 | [0, -3333, -3333, -111088890, -731264836203]

-3335 | [0, 3335, 3335, -111222250, 732576471850]

-3341 | [0, 13364, 0, -1785964960, 47138580557744]

-3343 | [0, 3343, 3343, -111756490, 737861049576]

-3346 | [0, 13384, 0, -1791314560, 47350534290304]

-3351 | [0, 3351, 3351, -112292010, 743170980582]

-3353 | [0, 13412, 0, -1798817440, 47648335522928]

-3354 | [0, 13416, 0, -1799890560, 47690980212096]

-3361 | [0, 13444, 0, -1807411360, 47990205689584]

-3363 | [0, 3363, 3363, -113097690, 751183547211]

-3365 | [0, 13460, 0, -1811716000, 48161752286000]

-3367 | [0, 3367, 3367, -113366890, 753867145122]

3369 | [0, -3369, -3369, -113501610, -755217012618]

-3373 | [0, 13492, 0, -1820340640, 48506070931888]

-3374 | [0, 13496, 0, -1821420160, 48549225796736]

3379 | [0, -13516, 0, -1826822560, -48765384098896]

3383 | [0, -13532, 0, -1831150240, -48938771969168]

-3383 | [0, 3383, 3383, -114446890, 764665450846]

3385 | [0, -3385, -3385, -114582250, -766028174150]

-3385 | [0, 13540, 0, -1833316000, 49025619814000]

-3387 | [0, 3387, 3387, -114717690, 767381043717]

-3394 | [0, 13576, 0, -1843077760, 49417706747776]

-3395 | [0, 3395, 3395, -115260250, 772831502275]

-3398 | [0, 13592, 0, -1847424640, 49592636521088]

3399 | [0, -13596, 0, -1848512160, -49636433371536]

-3399 | [0, 3399, 3399, -115532010, 775566383130]

-3401 | [0, 13604, 0, -1850688160, 49724104414064]

3406 | [0, -13624, 0, -1856133760, -49943733533824]

-3407 | [0, 3407, 3407, -116076490, 781055485912]

-3409 | [0, 13636, 0, -1859404960, 50075820918256]

3421 | [0, -3421, -3421, -117032410, -790729478165]

-3423 | [0, 3423, 3423, -117169290, 792111268116]

-3431 | [0, 3431, 3431, -117717610, 797678068882]

3433 | [0, -3433, -3433, -117854890, -799079725178]

-3434 | [0, 13736, 0, -1886776960, 51185617437056]

-3439 | [0, 3439, 3439, -118267210, 803270890320]

-3442 | [0, 13768, 0, -1895578240, 51544184386432]

-3445 | [0, 13780, 0, -1898884000, 51679077502000]

-3449 | [0, 13796, 0, -1903296160, 51859300801136]

-3451 | [0, 3451, 3451, -119094010, 811709043957]

-3458 | [0, 13832, 0, -1913242240, 52266334160768]

3462 | [0, -13848, 0, -1917671040, -52447919409792]

-3471 | [0, 3471, 3471, -120478410, 825903596232]

-3473 | [0, 13892, 0, -1929876640, 52949446408688]

-3478 | [0, 13912, 0, -1935437440, 53178466188928]

-3482 | [0, 13928, 0, -1939891840, 53362156756352]

-3486 | [0, 13944, 0, -1944351360, 53546269843584]

-3489 | [0, 13956, 0, -1947699360, 53684632229616]

-3493 | [0, 13972, 0, -1952167840, 53869485894448]

-3495 | [0, 3495, 3495, -122150250, 843154315650]

3497 | [0, -3497, -3497, -122290090, -844608735594]

-3497 | [0, 13988, 0, -1956641440, 54054763413872]

3498 | [0, -13992, 0, -1957760640, -54101149077888]

-3498 | [0, 13992, 0, -1957760640, 54101149077888]

-3505 | [0, 14020, 0, -1965604000, 54426591958000]

-3506 | [0, 14024, 0, -1966725760, 54473190065024]

-3511 | [0, 3511, 3511, -123271210, 854787224382]

3515 | [0, -14060, 0, -1976836000, -54893770466000]

-3515 | [0, 3515, 3515, -123552250, 857712074725]

-3517 | [0, 14068, 0, -1979086240, 54987525818032]

3522 | [0, -14088, 0, -1984717440, -55222381107072]

-3522 | [0, 14088, 0, -1984717440, 55222381107072]

-3526 | [0, 14104, 0, -1989228160, 55410746088064]

-3527 | [0, 3527, 3527, -124397290, 866526642682]

-3530 | [0, 14120, 0, -1993744000, 55599538928000]

-3538 | [0, 14152, 0, -2002791040, 55978410126208]

-3541 | [0, 14164, 0, -2006188960, 56120929348144]

3543 | [0, -14172, 0, -2008455840, -56216076424848]

3551 | [0, -14204, 0, -2017536160, -56597740142864]

3553 | [0, -3553, -3553, -126238090, -885837925148]

3558 | [0, -14232, 0, -2025498240, -56933109629568]

-3559 | [0, 3559, 3559, -126664810, 890326949490]

-3563 | [0, 3563, 3563, -126949690, 893332273561]

-3566 | [0, 14264, 0, -2034616960, 57318008226944]

-3567 | [0, 3567, 3567, -127234890, 896344353072]

3569 | [0, -3569, -3569, -127377610, -897859297368]

-3570 | [0, 14280, 0, -2039184000, 57511106352000]

-3583 | [0, 3583, 3583, -128378890, 908460377196]

3585 | [0, -3585, -3585, -128522250, -909988938900]

3586 | [0, -14344, 0, -2057503360, -58287835686784]

-3594 | [0, 14376, 0, -2066693760, 58678809250176]

3598 | [0, -14392, 0, -2071296640, -58874949954688]

3599 | [0, -14396, 0, -2072448160, -58924053329936]

-3599 | [0, 3599, 3599, -129528010, 920685095080]

3601 | [0, -3601, -3601, -129672010, -922227335120]

-3601 | [0, 14404, 0, -2074752160, 59022341972464]

-3603 | [0, 3603, 3603, -129816090, 923758314831]

-3605 | [0, 14420, 0, -2079364000, 59219247038000]

-3607 | [0, 3607, 3607, -130104490, 926838365862]

3613 | [0, -3613, -3613, -130537690, -931477794533]

-3614 | [0, 14456, 0, -2089759360, 59663883583616]

-3615 | [0, 3615, 3615, -130682250, 933018992100]

3619 | [0, -14476, 0, -2095545760, -59911862832976]

-3621 | [0, 14484, 0, -2097862560, 60011246605104]

-3623 | [0, 3623, 3623, -131261290, 939227034466]

-3629 | [0, 14516, 0, -2107142560, 60409880766896]

3638 | [0, -14552, 0, -2117607040, -60860449851008]

-3638 | [0, 14552, 0, -2117607040, 60860449851008]

3642 | [0, -14568, 0, -2122266240, -61061419804032]

-3643 | [0, 3643, 3643, -132714490, 954867484101]

-3647 | [0, 3647, 3647, -133006090, 958016265052]

-3653 | [0, 14612, 0, -2135105440, 61616367361328]

-3655 | [0, 3655, 3655, -133590250, 964334578650]

-3658 | [0, 14632, 0, -2140954240, 61869723818368]

-3659 | [0, 3659, 3659, -133882810, 967504126465]

3661 | [0, -3661, -3661, -134029210, -969098202905]

-3662 | [0, 14648, 0, -2145639040, 62072908299392]

-3667 | [0, 3667, 3667, -134468890, 973864042047]

-3670 | [0, 14680, 0, -2155024000, 62480610832000]

-3671 | [0, 3671, 3671, -134762410, 977054424982]

-3673 | [0, 14692, 0, -2158548640, 62633958322288]

-3682 | [0, 14728, 0, -2169139840, 63095505837952]

-3687 | [0, 3687, 3687, -135939690, 989885634642]

3689 | [0, -3689, -3689, -136087210, -991504194618]

-3689 | [0, 14756, 0, -2177395360, 63456050716016]

-3695 | [0, 3695, 3695, -136530250, 996343152400]

-3702 | [0, 14808, 0, -2192768640, 64129273091712]

3706 | [0, -14824, 0, -2197509760, -64337372247424]

-3706 | [0, 14824, 0, -2197509760, 64337372247424]

3710 | [0, -14840, 0, -2202256000, -64545921104000]

-3713 | [0, 14852, 0, -2205819040, 64702628154608]

-3714 | [0, 14856, 0, -2207007360, 64754920146816]

3722 | [0, -14888, 0, -2216525440, -65174270732672]

-3731 | [0, 3731, 3731, -139203610, 1025749641007]

3733 | [0, -3733, -3733, -139352890, -1027407052103]

-3737 | [0, 14948, 0, -2234427040, 65965425402992]

-3746 | [0, 14984, 0, -2245202560, 66443177439104]

-3758 | [0, 15032, 0, -2259610240, 67083760727168]

-3759 | [0, 3759, 3759, -141300810, 1049017213440]

-3761 | [0, 15044, 0, -2263219360, 67244547302384]

-3770 | [0, 15080, 0, -2274064000, 67728448112000]

-3779 | [0, 3779, 3779, -142808410, 1065850568035]

-3781 | [0, 15124, 0, -2287353760, 68323028075824]

3782 | [0, -15128, 0, -2288563840, -68377252698752]

-3783 | [0, 3783, 3783, -143110890, 1069238703546]

-3791 | [0, 3791, 3791, -143716810, 1076036499832]

3793 | [0, -3793, -3793, -143868490, -1077747632288]

-3794 | [0, 15176, 0, -2303109760, 69030187592576]

-3797 | [0, 15188, 0, -2306753440, 69194068212272]

-3802 | [0, 15208, 0, -2312832640, 69467778608512]

-3803 | [0, 3803, 3803, -144628090, 1086287121181]

-3805 | [0, 15220, 0, -2316484000, 69632350798000]

-3806 | [0, 15224, 0, -2317701760, 69687265898624]

3814 | [0, -15256, 0, -2327455360, -70127626470016]

-3814 | [0, 15256, 0, -2327455360, 70127626470016]

3817 | [0, -3817, -3817, -145694890, -1098335497754]

-3817 | [0, 15268, 0, -2331118240, 70293238744432]

-3818 | [0, 15272, 0, -2332339840, 70348500722048]

-3823 | [0, 3823, 3823, -146153290, 1103515800816]

-3827 | [0, 3827, 3827, -146459290, 1106983251607]

-3829 | [0, 15316, 0, -2345798560, 70958295221296]

-3838 | [0, 15352, 0, -2356839040, 71459831060608]

-3846 | [0, 15384, 0, -2366674560, 71907619826304]

-3847 | [0, 3847, 3847, -147994090, 1124429497002]

-3854 | [0, 15416, 0, -2376530560, 72357275348096]

-3857 | [0, 15428, 0, -2380231840, 72526378234352]

-3863 | [0, 3863, 3863, -149227690, 1138517738086]

3865 | [0, -3865, -3865, -149382250, -1140294467150]

-3869 | [0, 15476, 0, -2395065760, 73205424460976]

3873 | [0, -3873, -3873, -150001290, -1147389867468]

-3874 | [0, 15496, 0, -2401260160, 73489606692736]

-3877 | [0, 15508, 0, -2404980640, 73660468536112]

-3878 | [0, 15512, 0, -2406221440, 73717481280128]

-3885 | [0, 15540, 0, -2414916000, 74117394414000]

-3893 | [0, 15572, 0, -2424871840, 74576205977648]

-3901 | [0, 15604, 0, -2434848160, 75036907110064]

-3902 | [0, 15608, 0, -2436096640, 75094627805312]

-3911 | [0, 3911, 3911, -152959210, 1181487529882]

3913 | [0, -3913, -3913, -153115690, -1183308675458]

-3913 | [0, 15652, 0, -2449851040, 75731510244208]

-3918 | [0, 15672, 0, -2456115840, 76022188702848]

3921 | [0, -3921, -3921, -153742410, -1190581223040]

-3922 | [0, 15688, 0, -2461133440, 76255266278272]

-3923 | [0, 3923, 3923, -153899290, 1192396308991]

-3926 | [0, 15704, 0, -2466156160, 76488819764864]

-3927 | [0, 3927, 3927, -154213290, 1196047434582]

3934 | [0, -15736, 0, -2476216960, -76957356413056]

-3934 | [0, 15736, 0, -2476216960, 76957356413056]

-3935 | [0, 3935, 3935, -154842250, 1203372030100]

3937 | [0, -3937, -3937, -154999690, -1205215589564]

-3937 | [0, 15748, 0, -2479995040, 77133549732592]

-3941 | [0, 15764, 0, -2485036960, 77368892208944]

3954 | [0, -15816, 0, -2501458560, -78137060455296]

-3957 | [0, 15828, 0, -2505255840, 78315049135152]

-3959 | [0, 3959, 3959, -156736810, 1225525117390]

-3962 | [0, 15848, 0, -2511591040, 78612297233792]

3966 | [0, -15864, 0, -2516664960, -78850636527744]

3967 | [0, -15868, 0, -2517934240, -78910296527632]

-3967 | [0, 3967, 3967, -157370890, 1232969448972]

3970 | [0, -15880, 0, -2521744000, -79089457072000]

-3970 | [0, 15880, 0, -2521744000, 79089457072000]

-3973 | [0, 15892, 0, -2525556640, 79268888592688]

-3990 | [0, 15960, 0, -2547216000, 80290795536000]

3991 | [0, -15964, 0, -2548492960, -80351179686544]

-3991 | [0, 3991, 3991, -159280810, 1255483200582]

-3995 | [0, 3995, 3995, -159600250, 1259261932525]

3997 | [0, -3997, -3997, -159760090, -1261162126469]

3998 | [0, -15992, 0, -2557440640, -80774716661888]

-3998 | [0, 15992, 0, -2557440640, 80774716661888]

-3999 | [0, 3999, 3999, -159920010, 1263048238980]

4002 | [0, -16008, 0, -2562560640, -81017404682112]

-4003 | [0, 4003, 4003, -160240090, 1266842127531]

-4010 | [0, 16040, 0, -2572816000, 81504238064000]

-4015 | [0, 4015, 4015, -161202250, 1278269361600]

4017 | [0, -4017, -4017, -161362890, -1280188624104]

-4017 | [0, 16068, 0, -2581806240, 81931813762032]

-4022 | [0, 16088, 0, -2588237440, 82238138771072]

4038 | [0, -16152, 0, -2608871040, -83223507950208]

-4038 | [0, 16152, 0, -2608871040, 83223507950208]

-4039 | [0, 4039, 4039, -163135210, 1301329570170]

-4043 | [0, 4043, 4043, -163458490, 1305199696801]

-4047 | [0, 4047, 4047, -163782090, 1309077488952]

-4054 | [0, 16216, 0, -2629586560, 84216716922496]

-4055 | [0, 4055, 4055, -164430250, 1316856100150]

-4058 | [0, 16232, 0, -2634778240, 84466247773568]

-4061 | [0, 16244, 0, -2638675360, 84653719031984]

-4066 | [0, 16264, 0, -2645176960, 84966787202944]

-4078 | [0, 16312, 0, -2660813440, 85721297945728]

-4079 | [0, 4079, 4079, -166382410, 1340376694960]

4081 | [0, -4081, -4081, -166545610, -1342357616600]

4085 | [0, -4085, -4085, -166872250, -1346308625775]

-4087 | [0, 4087, 4087, -167035690, 1348278682542]

4089 | [0, -4089, -4089, -167199210, -1350267380118]

-4089 | [0, 16356, 0, -2675187360, 86416844808816]

-4091 | [0, 4091, 4091, -167362810, 1352241295957]

4097 | [0, -4097, -4097, -167854090, -1358208154644]

-4098 | [0, 16392, 0, -2686976640, 86988719138688]

-4099 | [0, 4099, 4099, -168018010, 1360189799955]

-4102 | [0, 16408, 0, -2692224640, 87243693238912]

-4109 | [0, 16436, 0, -2701420960, 87691095924656]

-4111 | [0, 4111, 4111, -169003210, 1372170862632]

4121 | [0, -4121, -4121, -169826410, -1382217150990]

4126 | [0, -16504, 0, -2723820160, -88784007643264]

-4127 | [0, 4127, 4127, -170321290, 1388254770532]

-4135 | [0, 4135, 4135, -170982250, 1396343642850]

-4138 | [0, 16552, 0, -2739687040, 89560917275008]

-4142 | [0, 16568, 0, -2744986240, 89820890748032]

-4143 | [0, 4143, 4143, -171644490, 1404463874976]

-4146 | [0, 16584, 0, -2750290560, 90081366827904]

-4154 | [0, 16616, 0, -2760914560, 90603828749696]

-4157 | [0, 16628, 0, -2764903840, 90800271576752]

-4162 | [0, 16648, 0, -2771559040, 91128306923392]

4169 | [0, -4169, -4169, -173805610, -1431080631618]

-4171 | [0, 4171, 4171, -173972410, 1433132521857]

-4182 | [0, 16728, 0, -2798259840, 92448348941952]

-4186 | [0, 16744, 0, -2803615360, 92713877785984]

4187 | [0, -16748, 0, -2804955040, -92780339344592]

-4190 | [0, 16760, 0, -2808976000, 92979914576000]

-4191 | [0, 4191, 4191, -175644810, 1453847221332]

4193 | [0, -4193, -4193, -175812490, -1455938392188]

-4193 | [0, 16772, 0, -2812999840, 93179775800048]

-4198 | [0, 16792, 0, -2819712640, 93513513935488]

-4199 | [0, 4199, 4199, -176316010, 1462188670930]

-4210 | [0, 16840, 0, -2835856000, 94317734704000]

-4215 | [0, 4215, 4215, -177662250, 1478967166350]

-4223 | [0, 4223, 4223, -178337290, 1487404333516]

-4226 | [0, 16904, 0, -2857452160, 95397183342464]

-4231 | [0, 4231, 4231, -179013610, 1495873527882]

4233 | [0, -4233, -4233, -179182890, -1498004796978]

-4233 | [0, 16932, 0, -2866926240, 95872020313968]

-4234 | [0, 16936, 0, -2868280960, 95939982518656]

-4241 | [0, 16964, 0, -2877772960, 96416617474544]

-4242 | [0, 16968, 0, -2879130240, 96484836776832]

4246 | [0, -16984, 0, -2884562560, -96758035775104]

4249 | [0, -4249, -4249, -180540010, -1515055655918]

-4253 | [0, 17012, 0, -2894081440, 97237374078128]

-4259 | [0, 4259, 4259, -181390810, 1525768798315]

-4265 | [0, 17060, 0, -2910436000, 98062775366000]

-4270 | [0, 17080, 0, -2917264000, 98408066512000]

-4278 | [0, 17112, 0, -2928205440, 98962216691328]

-4287 | [0, 4287, 4287, -183783690, 1556059746492]

-4297 | [0, 17188, 0, -2954273440, 100286652476272]

-4298 | [0, 17192, 0, -2955648640, 100356685052288]

-4303 | [0, 4303, 4303, -185158090, 1573547512056]

-4307 | [0, 4307, 4307, -185502490, 1577939830687]

-4318 | [0, 17272, 0, -2983219840, 101764191826048]

-4319 | [0, 4319, 4319, -186537610, 1591165813300]

4321 | [0, -4321, -4321, -186710410, -1593386638940]

-4322 | [0, 17288, 0, -2988749440, 102047263129472]

-4331 | [0, 4331, 4331, -187575610, 1604465495257]

4334 | [0, -17336, 0, -3005368960, -102899625673856]

4342 | [0, -17368, 0, -3016474240, -103470496085632]

-4342 | [0, 17368, 0, -3016474240, 103470496085632]

-4346 | [0, 17384, 0, -3022034560, 103756721362304]

-4351 | [0, 4351, 4351, -189312010, 1626795964332]

4353 | [0, -4353, -4353, -189486090, -1629049812948]

4354 | [0, -17416, 0, -3033170560, -104330754484096]

4358 | [0, -17432, 0, -3038746240, -104618563299968]

-4366 | [0, 17464, 0, -3049912960, 105195767868544]

4369 | [0, -4369, -4369, -190881610, -1647079236368]

-4369 | [0, 17476, 0, -3054105760, 105412765716976]

-4373 | [0, 17492, 0, -3059700640, 105702560099888]

-4385 | [0, 17540, 0, -3076516000, 106575129014000]

-4386 | [0, 17544, 0, -3077919360, 106648059072384]

-4391 | [0, 4391, 4391, -192808810, 1672076562082]

-4399 | [0, 4399, 4399, -193512010, 1681232342880]

-4402 | [0, 17608, 0, -3100416640, 107819468989312]

4403 | [0, -17612, 0, -3101825440, -107892965557328]

-4403 | [0, 4403, 4403, -193864090, 1685822740231]

-4406 | [0, 17624, 0, -3106053760, 108113655645824]

-4407 | [0, 4407, 4407, -194216490, 1690421485662]

-4413 | [0, 17652, 0, -3115931040, 108629769068208]

4417 | [0, -4417, -4417, -195098890, -1701964676804]

-4429 | [0, 17716, 0, -3138566560, 109815619224496]

-4439 | [0, 4439, 4439, -197047210, 1727512890070]

4441 | [0, -4441, -4441, -197224810, -1729858808510]

-4451 | [0, 4451, 4451, -198114010, 1741560827707]

-4454 | [0, 17816, 0, -3174098560, 111685736391296]

-4461 | [0, 17844, 0, -3184083360, 112213147364784]

-4463 | [0, 4463, 4463, -199183690, 1755684717136]

4465 | [0, -4465, -4465, -199362250, -1758056065400]

-4465 | [0, 17860, 0, -3189796000, 112515269206000]

-4474 | [0, 17896, 0, -3202668160, 113197025047936]

-4479 | [0, 4479, 4479, -200614410, 1774635070860]

4481 | [0, -4481, -4481, -200793610, -1777023448500]

-4483 | [0, 4483, 4483, -200972890, 1779393870771]

-4486 | [0, 17944, 0, -3219871360, 114110309075584]

-4487 | [0, 4487, 4487, -201331690, 1784161170442]

-4490 | [0, 17960, 0, -3225616000, 114415825136000]

-4494 | [0, 17976, 0, -3231365760, 114721886030976]

-4495 | [0, 4495, 4495, -202050250, 1793721299400]

-4498 | [0, 17992, 0, -3237120640, 115028492245888]

-4501 | [0, 18004, 0, -3241440160, 115258805065264]

4505 | [0, -4505, -4505, -202950250, -1805729554350]

-4505 | [0, 18020, 0, -3247204000, 115566366758000]

-4506 | [0, 18024, 0, -3248645760, 115643342577024]

4522 | [0, -18088, 0, -3271757440, -116879608435072]

-4531 | [0, 4531, 4531, -205299610, 1837164620007]

-4535 | [0, 4535, 4535, -205662250, 1842034508350]

-4542 | [0, 18168, 0, -3300762240, 118437290543232]

4543 | [0, -18172, 0, -3302215840, -118515535832848]

-4551 | [0, 4551, 4551, -207116010, 1861600121082]

4555 | [0, -18220, 0, -3319684000, -119457168898000]

4558 | [0, -18232, 0, -3324058240, -119693353917568]

-4558 | [0, 18232, 0, -3324058240, 119693353917568]

-4567 | [0, 4567, 4567, -208574890, 1881303792822]

4570 | [0, -18280, 0, -3341584000, -120641207152000]

-4571 | [0, 4571, 4571, -208940410, 1886251339357]

-4573 | [0, 18292, 0, -3345972640, 120878949773488]

4577 | [0, -4577, -4577, -209489290, -1893699385884]

-4578 | [0, 18312, 0, -3353293440, 121275881209728]

4582 | [0, -18328, 0, -3359155840, -121594051265152]

-4583 | [0, 4583, 4583, -210038890, 1901146008946]

4586 | [0, -18344, 0, -3365023360, -121912777318784]

4591 | [0, -18364, 0, -3372364960, -122311967497744]

-4594 | [0, 18376, 0, -3376773760, 122551899362176]

-4595 | [0, 4595, 4595, -211140250, 1916118882775]

-4597 | [0, 18388, 0, -3381185440, 122792144794672]

-4607 | [0, 4607, 4607, -212244490, 1931170165612]

4609 | [0, -4609, -4609, -212428810, -1933696971668]

-4611 | [0, 4611, 4611, -212613210, 1936204719507]

-4615 | [0, 4615, 4615, -212982250, 1941248015850]

-4619 | [0, 4619, 4619, -213351610, 1946300062225]

4622 | [0, -18488, 0, -3418061440, -124806411807872]

-4622 | [0, 18488, 0, -3418061440, 124806411807872]

-4630 | [0, 18520, 0, -3429904000, 125455598608000]

-4633 | [0, 18532, 0, -3434350240, 125699622829168]

-4638 | [0, 18552, 0, -3441767040, 126107032699008]

-4639 | [0, 4639, 4639, -215203210, 1971691810020]

4641 | [0, -4641, -4641, -215388810, -1974253832460]

-4641 | [0, 18564, 0, -3446220960, 126351900655344]

4642 | [0, -18568, 0, -3447706240, -126433593692032]

4649 | [0, -4649, -4649, -216132010, -1984480889418]

-4661 | [0, 18644, 0, -3475987360, 127992458971184]

-4663 | [0, 4663, 4663, -217435690, 2002452243486]

4665 | [0, -4665, -4665, -217622250, -2005040838150]

-4666 | [0, 18664, 0, -3483448960, 128404805494144]

-4670 | [0, 18680, 0, -3489424000, 128735319632000]

4673 | [0, -4673, -4673, -218369290, -2015373851268]

-4674 | [0, 18696, 0, -3495404160, 129066400446336]

-4682 | [0, 18728, 0, -3507379840, 129730264045952]

-4683 | [0, 4683, 4683, -219304890, 2028328997121]

4697 | [0, -4697, -4697, -220618090, -2046585773694]

-4703 | [0, 4703, 4703, -221182090, 2054427724756]

-4714 | [0, 18856, 0, -3555487360, 132408482578816]

4718 | [0, -18872, 0, -3561523840, -132745828869248]

-4718 | [0, 18872, 0, -3561523840, 132745828869248]

-4721 | [0, 18884, 0, -3566054560, 132999214264304]

-4726 | [0, 18904, 0, -3573612160, 133422239438464]

4727 | [0, -18908, 0, -3575124640, -133506951968912]

-4727 | [0, 4727, 4727, -223445290, 2086040538382]

-4730 | [0, 18920, 0, -3579664000, 133761304688000]

-4737 | [0, 18948, 0, -3590267040, 134356050250992]

-4738 | [0, 18952, 0, -3591783040, 134441157543808]

4745 | [0, -4745, -4745, -225150250, -2109973052850]

-4745 | [0, 18980, 0, -3602404000, 135037915142000]

-4747 | [0, 4747, 4747, -225340090, 2112630945777]

-4751 | [0, 4751, 4751, -225720010, 2117975997832]

-4758 | [0, 19032, 0, -3622170240, 136150859415168]

-4759 | [0, 4759, 4759, -226480810, 2128693133190]

-4762 | [0, 19048, 0, -3628263040, 136494529912192]

4766 | [0, -19064, 0, -3634360960, -136838778249344]

-4766 | [0, 19064, 0, -3634360960, 136838778249344]

-4769 | [0, 19076, 0, -3638937760, 137097344001776]

-4781 | [0, 19124, 0, -3657273760, 138134864187824]

-4786 | [0, 19144, 0, -3664927360, 138568704525184]

4787 | [0, -19148, 0, -3666459040, -138655581453392]

-4787 | [0, 4787, 4787, -229153690, 2166487731367]

4789 | [0, -4789, -4789, -229345210, -2169215799743]

-4789 | [0, 19156, 0, -3669523360, 138829444231216]

-4791 | [0, 4791, 4791, -229536810, 2171923203582]

-4793 | [0, 19172, 0, -3675655840, 139177605684848]

4794 | [0, -19176, 0, -3677189760, -139264736904576]

-4795 | [0, 4795, 4795, -229920250, 2177367759525]

-4798 | [0, 19192, 0, -3683328640, 139613625436288]

-4807 | [0, 4807, 4807, -231072490, 2193756005562]

-4814 | [0, 19256, 0, -3707935360, 141015006502016]

4817 | [0, -4817, -4817, -232034890, -2207487129504]

-4826 | [0, 19304, 0, -3726444160, 142072174177664]

4834 | [0, -19336, 0, -3738808960, -142779879849856]

-4839 | [0, 4839, 4839, -234159210, 2237859569970]

4841 | [0, -4841, -4841, -234352810, -2240647216410]

4843 | [0, -19372, 0, -3752743840, -143578853495248]

-4847 | [0, 4847, 4847, -234934090, 2248977056752]

4849 | [0, -4849, -4849, -235128010, -2251773926168]

-4858 | [0, 19432, 0, -3776026240, 144917090243968]

-4862 | [0, 19448, 0, -3782247040, 145275352356992]

4865 | [0, -4865, -4865, -236682250, -2274137730900]

-4870 | [0, 19480, 0, -3794704000, 145993646992000]

4873 | [0, -4873, -4873, -237461290, -2285374947218]

-4879 | [0, 4879, 4879, -238046410, 2293815206760]

4881 | [0, -4881, -4881, -238241610, -2296649120400]

-4883 | [0, 4883, 4883, -238436890, 2299461523471]

-4886 | [0, 19544, 0, -3819679360, 147437331488384]

-4890 | [0, 19560, 0, -3825936000, 147799733616000]

4897 | [0, -4897, -4897, -239806090, -2319308580044]

-4902 | [0, 19608, 0, -3844736640, 148890502173312]

-4903 | [0, 4903, 4903, -240394090, 2327832131106]

-4919 | [0, 4919, 4919, -241965610, 2350695901150]

-4927 | [0, 4927, 4927, -242753290, 2362183714332]

-4930 | [0, 19720, 0, -3888784000, 151456470448000]

-4931 | [0, 4931, 4931, -243147610, 2367941629507]

-4934 | [0, 19736, 0, -3895096960, 151825426365056]

-4935 | [0, 4935, 4935, -243542250, 2373708893850]

-4938 | [0, 19752, 0, -3901415040, 152194980993408]

-4943 | [0, 4943, 4943, -244332490, 2385271500376]

-4945 | [0, 19780, 0, -3912484000, 152843143702000]

-4947 | [0, 4947, 4947, -244728090, 2391066857727]

4953 | [0, -4953, -4953, -245322090, -2399789748798]

-4958 | [0, 19832, 0, -3933082240, 154051751792768]

-4967 | [0, 4967, 4967, -246710890, 2420184488722]

-4969 | [0, 19876, 0, -3950553760, 155079382904176]

-4971 | [0, 4971, 4971, -247108410, 2426036236857]

-4978 | [0, 19912, 0, -3964877440, 155923563180928]

-4979 | [0, 4979, 4979, -247904410, 2437768015735]

4981 | [0, -4981, -4981, -248103610, -2440719263375]

4982 | [0, -19928, 0, -3971251840, -156299735668352]

-4982 | [0, 19928, 0, -3971251840, 156299735668352]

-4990 | [0, 19960, 0, -3984016000, 157053894736000]

-4991 | [0, 4991, 4991, -249100810, 2455436504332]

-4997 | [0, 19988, 0, -3995201440, 157715770605872]

