0123456710325476230176543210674545760132546710236754320176452310
0123456710325476231067453201765445671032547601236745321076542301
0123456710325476231067453201765445761230546721036745301276540321
0123456710325476231067453201765445763201546723106754013276451023
0123456710325476231067453201765446572031574631206475021375641302
0123456710325476231067453201765446573021574621306475031275641203
0123456710325476231067453201765447561320564702316574301274652103
0123456710325476231067453201765447651320567402316547210374563012
0123456710325476231067543201764545671023547601326745231076543201
0123456710325476231067543201764545671032547601236745230176543210
0123456710325476231067543201764545671032547601236754320176452310
0123456710325476231067543201764545673012547603216754123076452103
0123456710325476231067543201764545673201547623106754012376451032
0123456710325476231067543201764546573021574621306475031275641203
0123456710325476231067543201764546752301576432106457012375461032
0123456710325476231076453201675445671032547601236745231076543201
0123456710325476231076453201675445671032547601236745321076542301
0123456710325476231076453201675445671032547601236754231076453201
0123456710325476231076453201675445672310547632016754012376451032
0123456710325476231076543201674545671023547601326745320176542310
0123456710325476231076543201674545761032546701236754321076452301
0123456710325476231076543201674545763210546723016754012376451032
0123456710325476231076543201674546570321574612306475301275642103
0123456710325476231467053241765045672013547602316705132476503142
0123456710325476231467503241760545672013547602316705314276501324
0123456710325476231567043251764045763021546703126740125376042135
0123456710325476231607543207164547516320564072316475201375643102
0123456710325476234067153207165446517203571603426475213075643021
0123456710325476234067153207165446517302571602436475312075642031
0123456710325476234067513251764046751302576402136517203474063125
0123456710325476234576103254670146071235571603246470215375613042
0123456710325476234576103254670146071352571602436470312575612034
0123456710325476234576103254670146702135576130246407125375160342
0123456710325476234576103254670147061253561703426571302474602135
0123456710325476234670153264075145713602541763206750123476052143
0123456710325476234671503264170545706231540726136751304276150324
0123456710325476235176403214670545761023546701326705231476403251
0123456710325476235467013245761047162035560731246570134274610253
0123456710325476235476013245671046072153571630426470123575610324
0123456710325476235476013245671046702135576130246407125375160342
0123456710325476235476103245670147163052560721436570123474610325
0123456710325476236710453276015447156230560473216540371274512603
0123456710325476237506413257601445167230546127036704315276401325
0123456710325476237610543267014547056213561473026541372074502631
0123456710325476241607533507164247602315567132046254713073456021
0123456710325476246071353506172443176052527106436754231076453201
0123456710325476246703153576120446157032570461236351274072403651
0123456710325476246703513576124047516023564071326204371573152604
0123456710325476246731053576201446051732571406236341725072506341
0123456710325476246731503576204147501623564107326205731473146205
0123456710325476247603153567120447156032560471236351274072403651
0123456710325476247603513567124046517023574061326204371573152604
0123456710325476247631053567201447051632561407236341725072506341
0123456710325476247631503567204146501723574106326205731473146205
0123456710325476254760313465710243561720527406136701234576103254
0123456710325476257436013465271046107253570163426347012572561034
0123456710325476257436103465270147106325560172346247105373560142
0123456710325476260437153715260442617350537062416547102374560132
0123456710325476260473513517604242651730547621036740321573510624
0123456710325476261073453745621045761032546701236251370473042651
0123456710325476261573403704625143672015527631046540172374510632
0123456710325476265073413741625043170625520617346475301275642103
0123456710325476267510433764015242107635530167246547231074563201
0123456710325476271436053605271443671250527603416541703274506123
0123456710325476271436503605274145607312547162036247013573561024
0123456710325476271460533605724145761320546731026241073573502614
0123456710325476271463503605724143701625526107346457310275462013
0123456710325476271563043604721543672051527631406540173274510623
0123456710325476274536103654270142617035537061246407125375160342
0123456710325476274536103654270143716052526071436507123474160325
0123456710325476274561303654702145670312547612036210374573012654
0123456710325674230714563270614545617023561407326745231074563201
0123456710325674231067453201745645761203576421306457302176450312
0123456710325674231067453201745646571302574602136475203175643120
0123456710325674231067453201745647650132567423106547102374563201
0123456710325674231067453201745647653012547621036547123076540321
0123456710325674236071453204175645716320561734026745201374560231
0123456710325674236074513205174645716320564731026754201374160235
0123456710325674246573013574601247061235561704236251374073402156
0123456710325674257610433467025146103725570124366245731073546102
0123456710325674265071433741605245762310546732016304172572150436
0123456710325674265703413746105243607215527164036415372075042136
0123456710325746234601753254760146173052547162306705132475602413
0123456710325746234671053267145045102673570162346475301276540321
0123456710325746234761503705162446517302541602736270341575642031
0123456710325746236470513276041545106273570126346457130276453120
0123456710325746237061543204167545617320571634026457201376450231
0123456710325746237061543204167545673201574623106451702376150432
0123456710325746237064153206715447651320564702316514207374513602
0123456710325746264710353456017247653201537426106510732472016453
0123456710325746271563043604712543562071524736106471025375601432
0123456710326475231057463201765446751320546731026754201375460231
0123456710326475231076543201574645671203547621306745302176540312
0123456710326475231076543265174047015236567430126547032174562103
0123456710326475234071563207564145761203576403126415273076513024
0123456710326475234071563207564145761302576402136415372076512034
0123456710326475234076513204571646751230546721036751304275160324
0123456710326475235076413206571446751203546721306741035275143026
0123456710326475236017543205714646572301547632106714503275410623
0123456710326475241537063746015246705231530726146251734075641023
0123456710326475241736503506174243715026526071346754230176450213
0123456710326475246071533271504645063712531726046745123076540321
0123456710326475246537013574061246175023570621346251734073401256
0123456710326475251470363706521443652701527106436457312076401352
0123456710326475256073413247510647513620560417326375201474160253
0123456710326475256417033475261047065321561702346350714272413056
0123456710326475261753043745012645602731520476136471325073561042
0123456710326475261753043756014243057216546127306574302172401653
0123456710326475265471033745201642173650530617426470523175610324
0123456710326475265710343475012645062713571436026341725072605341
0123456710326475271403563465720145703612560127436347512072561034
0123456710326475275406133645270145763120546710326210735473015246
0123456710326745230176543210547645762310546710236754320176450132
0123456710326745230176543210547645763201546701326754231076451023
0123456710326745231056743201745645760213546731206754203176451302
0123456710326745231056743201745646751023546723106754013275463201
0123456710326745231056743201745646753120574613026457203175640213
0123456710326745231074563201567446753120574613026457203175640213
0123456710326745231074563201567446753210574610326457012375642301
0123456710326745231076543201547646571023574601326475321075642301
0123456710326745231076543201547646573012574602316475132075642103
0123456710326745236051743206745145710236541736026745201376541320
0123456710326745237401563247560146512073576034126415732075061234
0123456710326745237401563247560146513270576014236415703275062314
0123456710326745237516043264517046107253570124366457031275463021
0123456710326745237516043264517046107352570134266457021375462031
0123456710326745247053163561702442071653531624706745013276543201
0123456710326745247056133651740247651320520431766547023173162054
0123456710326745251430763706215442571630564172036375042174605312
0123456710326745251670343704512642573601564012736375241074610352
0123456710326745271654303504762142573106564013726375201474610253
0123456710326745275034163546702142715603536421706417035276051234
0123456710326754231054763201764545761023546701326754231076453201
0123456710326754234576013254107646705312576134206517024374062135
0123456710326754234670153274510645601273540736216715234076510432
0123456710326754236751403276041547512036564012736415730275043621
0123456710326754245671033265147047105632564703216374201575013246
0123456710326754261453703506742142753106574106326457201373601245
0123456710326754261573403401527647560123537426016547103272603415
0123456710327456231056743201674546751023546701326754231075463201
0123456710327456231067453201567445763120564702136754203174651302
0123456710327456231067453201567447651230547621036547301276540321
0123456710327456231067453201567447651302547631206547021376542031
0123456710327456231067453261507445072613547631026745132076540231
0123456710327456234056713251674045761023576401326407231576153204
0123456710327456234061753206571445173620567102436754130274652031
0123456710327456245637013267104547015623531062746574231076450132
0123456710327456251630743675124042516703534706216704213574605312
0123456710327456251760433406517247653210567423016240173573510624
0123456710327645231054763201675446573102574613206475201375640231
0123456710327645231067543201547647652130567412036547302174560312
0123456710327645231067543201547647653120567413026547203174560213
0123456710327645245067313567201446715302530412766715342072460153
0123456710327645245607133574602143652170524713066710523476013452
0123456710327645246507313547601243561270527431066710532476012453
0123456710327645256704313475201646105723574631026354127072016354
0123456710327645264731503261570447501326531604726475201375046231
0123456710327645274601533675102445102736540163726257341073645201
0123456710327654231057463201647546573012574612306574210374650321
0123456710327654231057463601247547651203527461306457031275463021
0123456710327654231064753201574646573012576412306475032175462103
0123456710327654231064753201574647562103564712306574301274650321
0123456710327654231067453201547645673012547621036745123076540321
0123456710327654231067453201547647563102564702316574201374651320
0123456710327654231457063241607545763120546702136750134276052431
0123456710327654231604753261574045073216547061236745103276542301
0123456710327654234057163405627146571023571623406271340575640132
0123456710327654235014763207614547165320564137026574201374650231
0123456710327654235604713247510647106235560137426574132074652013
0123456710327654235604713247601547015236561027436574132074653102
0123456710327654236504713274510647016235561037426547132074562013
0123456710327654237451063265174047106235560124736547301274560321
0123456710327654237451063547601242061375546027316715024376513420
0123456710327654245730163764210545106273534617206275043176015342
0123456710327654246507313256147046712305570461236317504275403216
0123456710327654265703413564127042756013541037266701243573465102
0123456710342675231570463451670247065213567031246247135075620431
0123456710342675231574063451672042761053564701326702531475603241
0123456710342675231657043641705247501326526731406475021375026431
0123456710342675231750463471625042561703560271346745031275603421
0123456710342675231760543471520645623710574601236250734176051432
0123456710342675231764503701524645760321564271036450371272651034
0123456710342675231764503751024646725103540637126540732172651034
0123456710342675234657013675142047523016520761346510724374610352
0123456710342675235074163462075147056132527613406517320476415023
0123456710342675246517303752601443765102561072436247035175013426
0123456710342675247501363741605246523701526073146317524075061423
0123456710342675251734063642715043765021576102436250173474056312
0123456710342675254067313761524046057123537214066257031474163052
0123456710342675257064313761524046051723534271066257301474160352
0123456710342675257134063642175043675012571602346405732172506143
0123456710342675261703543476502142051736574162036350741275623140
0123456710342675261753403745012642561703536072146472305175016432
0123456710342675271503463206175446573201537264106541702374605132
0123456710342675271604533457602145627130564037126271530473051246
0123456710342675271653403675042145673012524017366401725373526104
0123456710342756235064713476012542057613561732406741503275621304
0123456710342756236051743506742142571630547162036742301576150342
0123456710342756236074153671520442053671571263406457013275461023
0123456710342756236574103456017245076321567012346712504372413605
0123456710342756241736053751602445067312536214706270514376450231
0123456710342756247536103267104547506123531602746501743276425301
0123456710342756247536103746120546125073526074316357012475016342
0123456710342756247651033562107447056312524176306317042576503241
0123456710342756250634713742601543657102567102346417532072501643
0123456710342756251673403671042543056271576231046247501374501632
0123456710342756251674033207164543756120564103726750321474625031
0123456710342756254136703762140542765013561703246350714274056231
0123456710342756254603713752610442673015561074326375124074015623
0123456710342756256174303742061546175023537062416405317272561304
0123456710342756261574033276104543625170540736216751023475406312
0123456710342756261730453542761042756301576104326350127474065123
0123456710342756271653403507642142507613567132046345107274620135
0123456710342756275631403647520142756013536014726401732575120634
0123456710345276235670413501672447651302567204136247315074102635
0123456710345276235764013675012447021635524673106510374274612053
0123456710345276237016453407615245623710524673016715203476510423
0123456710345276237564013457261046027135576103426240175375163024
0123456710345276247160533206714545601732531706246752341076452301
0123456710345276247603513652170445673012570126436245713073106425
0123456710345276250167433675042147621350541076326257301473462105
0123456710345276261570433542670147063152527106346457231073601425
0123456710345276264573013752641043761025526701346501274374103652
0123456710345276265713043462075143157620570634126570214372416035
0123456710345276271563043602741542761053536701426451273075403621
0123456710345276274630153451670246072153531076246275143075620341
0123456710345276275064133645710245763021546127306217035473021645
0123456710345672231507463461702546073251574261306570231472561403
0123456710345672231574063701624542603751567201346457231075461023
0123456710345672231607543451702646071235576021436275341075426301
0123456710345672234567103657240145167023576102346270134574023156
0123456710345672234701563501672447562310567234016410723572651043
0123456710345672236507143476120547503126560724316512734072416053
0123456710345672240671533245071646572301537164206710324575621034
0123456710345672241567033647102543720156570632146251743075602341
0123456710345672245167303207145646752103536072416742301575160324
0123456710345672245173063267041546153720570621436570123473426051
0123456710345672246017533501724646750321571624306257301473426105
0123456710345672251607433207145643657210547263016751203476403125
0123456710345672251673403657012443721056546027136741320572056431
0123456710345672256017433271045643167205574261306457302176052314
0123456710345672256730143405672146527103571623406271043573401256
0123456710345672257034163761025442576031560271436345172074162305
0123456710345672257130463642715042506713536724016705123474160325
0123456710345672261704353256170443657021574032166571234074026153
0123456710345672261704533205674143507126574632106572103474612305
0123456710345672265017433465712047126305520734166571023473462051
0123456710345672265731043245701645761320536207416710245374016235
0123456710345672267103453245701647526103540637216317245075601234
0123456710345672271603543607142542756103536072416451273075423016
0123456710345672274601533462701546052731527163046517342073501246
0123456710345672275103463247601546752103540637216312745075601234
0123456710345672275130463675042142067315541267036547123073602154
0123456710345672275610343245670145673210567201436301742574102356
0123456710345726231064753401765245672301567201436745321072561034
0123456710345726231760543652740142753610540621736740123575610342
0123456710345726235614703647025147153602526071436571203474026315
0123456710345726247106533605724145671302571264306240317573562014
0123456710345726251036743467025142756013534671026752143076012345
0123456710345726251076433275641043621075564701326701235474563201
0123456710345726254761303672104542067351576034126315027474512603
0123456710345726257634103751064243601275564273016407215372156034
0123456710345726261504733746125045627301527036146307214574516032
0123456710345726261573043207641545702631576132406452017373461052
0123456710345726261574033761024543762051520763146542317074501632
0123456710345726261704353256701443051672574261036471325075602341
0123456710345726264031753275064143567012541762306701245375621304
0123456710345726265014733271065445672310574632016312704574056132
0123456710345726265103743247165043726105540672316715304275602413
0123456710345726265713043472605142657130571036426501247373460215
0123456710345726275163043206741546703251546721306542107373150642
0123456710345726276014353652704145176302524631706471025373052614
0123456710345726276501343601247542761053534762106510734274523601
0123456710345726276531043541607243567210567023416207145374120635
0123456710346275235074163506274142671350571206346471502376453102
0123456710346275235716403605742145162703574203166471305272605134
0123456710346275236750143475062146501732520671436712345075412306
0123456710346275237016543407512646153702526173406752043175462013
0123456710346275241730563645071247521603530671246571234072605431
0123456710346275245176303206574143751026576023146547310276120453
0123456710346275245670133541270647123650560713426270543173650124
0123456710346275245703163675142043627051574631026510273472015643
0123456710346275246507313257164047102356560174236372501475463102
0123456710346275251674033405271642675130537016246751034276423051
0123456710346275251730463602715442561730576124036470531273450621
0123456710346275254670313451072646701352576231406207541373152604
0123456710346275254713063761245046057132537206146250374174165023
0123456710346275256017343247561043057126571620436471035276523401
0123456710346275256730413471065246125703570623146245713073501426
0123456710346275257630413751062442075316546271306340175276152403
0123456710346275261750343205714645602713574136026372045174561320
0123456710346275261750343205714647602351534617026571342074520613
0123456710346275264073513452071642751603576124306517302473065142
0123456710346275265170343247065147125306540627136375142075603142
0123456710346275267034513546701242075136536217046715234074510623
0123456710346275271056433547102643562710567234016201735474650132
0123456710346275271603543502174643675120567124036245703174503612
0123456710346275274103563605742145762013526731046412573073501642
0123456710346275274530163651740243165720520716346472035175602143
0123456710346275275136403506742146152703526701346470531273421056
