Constants
2 2.277640138934967
3 8.620181862007996
4 39.214907166768469
5 204.517418894047609

Fixed-c exact counts: normalized by 2^T T^{-k/2}
k= 2
40 58002037280 2.110101823928 target 2.277640138935
80 33107627022621863514480 2.190878976060 target 2.277640138935
120 24580781050664232029721507233596320 2.219102919464 target 2.277640138935
k= 3
30 45040224 6.892591718552 target 8.620181862008
60 19063330005456448 7.684682019309 target 8.620181862008
90 11570383964344880645965200 7.980166004492 target 8.620181862008

Square-root-scale profile
2 120 5 1.609289076222 1.632000473767
2 120 11 0.464539220216 0.453757006064
3 90 5 3.679237627693 3.746315594234
3 90 9 0.624481202953 0.579323741946

Covariance determinant check
2 1.250500040000 1.250000000000
3 0.222414838518 0.222222222222
4 0.027387524381 0.027343750000
5 0.002566406083 0.002560000000

Parity check: every boundary coefficient sum is even
2 [140, 138] [0, 0]
3 [94, 94, 92] [0, 0, 0]
4 [72, 70, 70, 70] [0, 0, 0, 0]
5 [58, 58, 56, 56, 56] [0, 0, 0, 0, 0]
