# V_mV p_per_mV mu0=15.36 sig0=5.0 nu0_Hz=10.53
-3.000000000000000000e+01 4.498319313967088155e-37
-2.991666666666666785e+01 6.084995965711587435e-37
-2.983333333333333215e+01 8.226763904366551615e-37
-2.975000000000000000e+01 1.111620375089662759e-36
-2.966666666666666785e+01 1.501214284752717005e-36
-2.958333333333333215e+01 2.026224691731723397e-36
-2.950000000000000000e+01 2.733324812540279489e-36
-2.941666666666666785e+01 3.685136758347003411e-36
-2.933333333333333215e+01 4.965633936708883021e-36
-2.925000000000000000e+01 6.687357129854982798e-36
-2.916666666666666785e+01 9.001047599044690029e-36
-2.908333333333333215e+01 1.210849941642329073e-35
-2.900000000000000000e+01 1.627969699391661114e-35
-2.891666666666666785e+01 2.187565344982355932e-35
-2.883333333333333215e+01 2.937882873217202272e-35
-2.875000000000000000e+01 3.943361985366002800e-35
-2.866666666666666785e+01 5.290022737820705723e-35
-2.858333333333333215e+01 7.092627593501101494e-35
-2.850000000000000000e+01 9.504198565486415931e-35
-2.841666666666666785e+01 1.272865660890759304e-34
-2.833333333333333215e+01 1.703759791650633625e-34
-2.825000000000000000e+01 2.279254833740642809e-34
-2.816666666666666785e+01 3.047446777163219211e-34
-2.808333333333333215e+01 4.072284392493523742e-34
-2.800000000000000000e+01 5.438746231962736933e-34
-2.791666666666666785e+01 7.259692344355196824e-34
-2.783333333333333215e+01 9.684927242703548072e-34
-2.775000000000000000e+01 1.291318086558276176e-33
-2.766666666666666785e+01 1.720793792218204893e-33
-2.758333333333333215e+01 2.291833971886777264e-33
-2.750000000000000000e+01 3.050676804889933998e-33
-2.741666666666666785e+01 4.058522636677566729e-33
-2.733333333333333215e+01 5.396329632579378204e-33
-2.725000000000000000e+01 7.171131620212674192e-33
-2.716666666666666785e+01 9.524356485317595744e-33
-2.708333333333333215e+01 1.264277229071516514e-32
-2.700000000000000000e+01 1.677288290025176352e-32
-2.691666666666666785e+01 2.223984925967669031e-32
-2.683333333333333215e+01 2.947234476726859466e-32
-2.675000000000000000e+01 3.903518696532113615e-32
-2.666666666666666785e+01 5.167215377973446740e-32
-2.658333333333333215e+01 6.836213057877102022e-32
-2.650000000000000000e+01 9.039269614202359259e-32
-2.641666666666666785e+01 1.194565083343398245e-31
-2.633333333333333215e+01 1.577774808731057994e-31
-2.625000000000000000e+01 2.082758637981819441e-31
-2.616666666666666785e+01 2.747840980916020117e-31
-2.608333333333333215e+01 3.623288982847829395e-31
-2.600000000000000000e+01 4.774996702023813044e-31
-2.591666666666666785e+01 6.289294100962042883e-31
-2.583333333333333570e+01 8.279220643718627137e-31
-2.575000000000000000e+01 1.089270482718999548e-30
-2.566666666666666785e+01 1.432322251451725909e-30
-2.558333333333333570e+01 1.882367724747864511e-30
-2.550000000000000000e+01 2.472446608788444540e-30
-2.541666666666666785e+01 3.245697952306253552e-30
-2.533333333333333570e+01 4.258415229237617636e-30
-2.525000000000000000e+01 5.584015773720352871e-30
-2.516666666666666785e+01 7.318195241145694393e-30
-2.508333333333333570e+01 9.585616999796380797e-30
-2.500000000000000000e+01 1.254858851417601728e-29
-2.491666666666666785e+01 1.641830841872966290e-29
-2.483333333333333570e+01 2.146943750612705734e-29
-2.475000000000000000e+01 2.805896504249745627e-29
-2.466666666666666785e+01 3.665062247446680959e-29
-2.458333333333333570e+01 4.784645737708571515e-29
-2.450000000000000000e+01 6.242764401048878337e-29
-2.441666666666666785e+01 8.140720200530056093e-29
-2.433333333333333570e+01 1.060980584088064704e-28
-2.425000000000000000e+01 1.382008677507289154e-28
-2.416666666666666785e+01 1.799172601092351954e-28
-2.408333333333333570e+01 2.340957951307644618e-28
-2.400000000000000000e+01 3.044199584196280419e-28
-2.391666666666666785e+01 3.956501702995463669e-28
-2.383333333333333570e+01 5.139351443319828796e-28
-2.375000000000000000e+01 6.672122360385378610e-28
-2.366666666666666785e+01 8.657219177207360654e-28
-2.358333333333333570e+01 1.122668529311547273e-27
-2.350000000000000000e+01 1.455068402113833211e-27
-2.341666666666666785e+01 1.884837858455624036e-27
-2.333333333333333570e+01 2.440188118375682798e-27
-2.325000000000000000e+01 3.157412654465779067e-27
-2.316666666666666785e+01 4.083176070940133266e-27
-2.308333333333333570e+01 5.277443533025439231e-27
-2.300000000000000000e+01 6.817227827446417208e-27
-2.291666666666666785e+01 8.801379476800794949e-27
-2.283333333333333570e+01 1.135670669865217392e-26
-2.275000000000000000e+01 1.464578985804711390e-26
-2.266666666666666785e+01 1.887695378141323739e-26
-2.258333333333333570e+01 2.431698639480053828e-26
-2.250000000000000000e+01 3.130735057191156000e-26
-2.241666666666666785e+01 4.028483658563408395e-26
-2.233333333333333570e+01 5.180785617840560776e-26
-2.225000000000000000e+01 6.658989987790720293e-26
-2.216666666666666785e+01 8.554208423522414197e-26
-2.208333333333333570e+01 1.098272270831646742e-25
-2.200000000000000000e+01 1.409285342472589965e-25
-2.191666666666666785e+01 1.807367949650158223e-25
-2.183333333333333570e+01 2.316610089509735299e-25
-2.175000000000000000e+01 2.967686599577915813e-25
-2.166666666666666785e+01 3.799634769483483185e-25
-2.158333333333333570e+01 4.862105699051129638e-25
-2.150000000000000000e+01 6.218213995919655574e-25
-2.141666666666666785e+01 7.948142727219888356e-25
-2.133333333333333570e+01 1.015370112781307175e-24
-2.125000000000000000e+01 1.296408350556095039e-24
-2.116666666666666785e+01 1.654314167262779061e-24
-2.108333333333333570e+01 2.109856331492143504e-24
-2.100000000000000000e+01 2.689344903364249595e-24
-2.091666666666666785e+01 3.426090639208318838e-24
-2.083333333333333570e+01 4.362243645081111227e-24
-2.075000000000000000e+01 5.551108478146321099e-24
-2.066666666666666785e+01 7.060057452102150771e-24
-2.058333333333333570e+01 8.974194572875921637e-24
-2.050000000000000000e+01 1.140096081205451348e-23
-2.041666666666666785e+01 1.447591917775781903e-23
-2.033333333333333570e+01 1.837001757281211640e-23
-2.025000000000000000e+01 2.329870159792965454e-23
-2.016666666666666785e+01 2.953334180607883623e-23
-2.008333333333333570e+01 3.741555482983123617e-23
-2.000000000000000000e+01 4.737514071370102882e-23
-1.991666666666666785e+01 5.995253639968562828e-23
-1.983333333333333570e+01 7.582690593000035084e-23
-1.975000000000000000e+01 9.585126178887988056e-23
-1.966666666666666785e+01 1.210963515466624917e-22
-1.958333333333333570e+01 1.529054651863840039e-22
-1.950000000000000000e+01 1.929628404055007959e-22
-1.941666666666666785e+01 2.433789894693074968e-22
-1.933333333333333570e+01 3.067970709956166957e-22
-1.925000000000000000e+01 3.865254192328094554e-22
-1.916666666666666785e+01 4.867025660470404707e-22
-1.908333333333333570e+01 6.125026011367771307e-22
-1.900000000000000000e+01 7.703905804725553911e-22
-1.891666666666666785e+01 9.684399932601245186e-22
-1.883333333333333570e+01 1.216727133974323614e-21
-1.875000000000000000e+01 1.527820720929478705e-21
-1.866666666666666785e+01 1.917389406753853856e-21
-1.858333333333333570e+01 2.404955123015864972e-21
-1.850000000000000000e+01 3.014826716187313792e-21
-1.841666666666666785e+01 3.777256340284935499e-21
-1.833333333333333570e+01 4.729870909077502725e-21
-1.825000000000000000e+01 5.919442988128703413e-21
-1.816666666666666785e+01 7.404080324978293757e-21
-1.808333333333333570e+01 9.255931385127428449e-21
-1.800000000000000000e+01 1.156452652636409420e-20
-1.791666666666666785e+01 1.444090171061173522e-20
-1.783333333333333570e+01 1.802268502386979628e-20
-1.775000000000000000e+01 2.248036709241771502e-20
-1.766666666666666785e+01 2.802502637779748534e-20
-1.758333333333333570e+01 3.491784128474738010e-20
-1.750000000000000000e+01 4.348179542944778904e-20
-1.741666666666666785e+01 5.411607320675698766e-20
-1.733333333333333570e+01 6.731375350044518917e-20
-1.725000000000000000e+01 8.368354428366919385e-20
-1.716666666666666785e+01 1.039764651448465755e-19
-1.708333333333333570e+01 1.291185847225676987e-19
-1.700000000000000000e+01 1.602511632309663342e-19
-1.691666666666666785e+01 1.987798458743390518e-19
-1.683333333333333570e+01 2.464349120609568969e-19
-1.675000000000000000e+01 3.053450212956678076e-19
-1.666666666666666785e+01 3.781274255774811105e-19
-1.658333333333333570e+01 4.679982594787469682e-19
-1.650000000000000000e+01 5.789072962358878834e-19
-1.641666666666666785e+01 7.157024993029591587e-19
-1.633333333333333570e+01 8.843308377882071078e-19
-1.625000000000000000e+01 1.092083211736944515e-18
-1.616666666666666785e+01 1.347892998267151963e-18
-1.608333333333333570e+01 1.662699740843631911e-18
-1.600000000000000000e+01 2.049891931960301481e-18
-1.591666666666666785e+01 2.525845768675485445e-18
-1.583333333333333393e+01 3.110580292040353853e-18
-1.575000000000000000e+01 3.828553576682587236e-18
-1.566666666666666785e+01 4.709629760688199057e-18
-1.558333333333333393e+01 5.790252871889666673e-18
-1.550000000000000000e+01 7.114870821958516477e-18
-1.541666666666666785e+01 8.737661851798778072e-18
-1.533333333333333393e+01 1.072462641598903386e-17
-1.525000000000000000e+01 1.315612034265302621e-17
-1.516666666666666785e+01 1.612992051793673020e-17
-1.508333333333333393e+01 1.976493282119940297e-17
-1.500000000000000000e+01 2.420567417315203912e-17
-1.491666666666666785e+01 2.962768706227245807e-17
-1.483333333333333393e+01 3.624407662616305103e-17
-1.475000000000000000e+01 4.431339828336633257e-17
-1.466666666666666785e+01 5.414916922366338713e-17
-1.458333333333333393e+01 6.613133117807852445e-17
-1.450000000000000000e+01 8.072005647160633504e-17
-1.441666666666666785e+01 9.847236638788348758e-17
-1.433333333333333393e+01 1.200621226846454278e-16
-1.425000000000000000e+01 1.463040624588735395e-16
-1.416666666666666785e+01 1.781826767422543616e-16
-1.408333333333333393e+01 2.168868880755303633e-16
-1.400000000000000000e+01 2.638516664270099187e-16
-1.391666666666666785e+01 3.208079415686955226e-16
-1.383333333333333570e+01 3.898424297493382112e-16
-1.375000000000000000e+01 4.734693006840901269e-16
-1.366666666666666785e+01 5.747159763182615475e-16
-1.358333333333333570e+01 6.972257858751047617e-16
-1.350000000000000000e+01 8.453807145418411355e-16
-1.341666666666666785e+01 1.024448090091759177e-15
-1.333333333333333570e+01 1.240755769581688009e-15
-1.325000000000000000e+01 1.501901236713366427e-15
-1.316666666666666785e+01 1.817001022613594743e-15
-1.308333333333333570e+01 2.196988045748416980e-15
-1.300000000000000000e+01 2.654965862143749019e-15
-1.291666666666666785e+01 3.206630462132506504e-15
-1.283333333333333570e+01 3.870772187856836876e-15
-1.275000000000000000e+01 4.669872627397397016e-15
-1.266666666666666785e+01 5.630814025845624721e-15
-1.258333333333333570e+01 6.785721909911057313e-15
-1.250000000000000000e+01 8.172965331250460509e-15
-1.241666666666666785e+01 9.838343488393526382e-15
-1.233333333333333570e+01 1.183649259710115104e-14
-1.225000000000000000e+01 1.423255287125238214e-14
-1.216666666666666785e+01 1.710414249859785007e-14
-1.208333333333333570e+01 2.054369371951695607e-14
-1.200000000000000000e+01 2.466121574146714362e-14
-1.191666666666666785e+01 2.958756047820481825e-14
-1.183333333333333570e+01 3.547828025899036006e-14
-1.175000000000000000e+01 4.251818201921230721e-14
-1.166666666666666785e+01 5.092670041944786177e-14
-1.158333333333333570e+01 6.096423326050822642e-14
-1.150000000000000000e+01 7.293960694789773551e-14
-1.141666666666666785e+01 8.721886816525138545e-14
-1.133333333333333570e+01 1.042356309832065936e-13
-1.125000000000000000e+01 1.245032470965646799e-13
-1.116666666666666785e+01 1.486291115999712877e-13
-1.108333333333333570e+01 1.773314686613091660e-13
-1.100000000000000000e+01 2.114591417611294900e-13
-1.091666666666666785e+01 2.520146831335823733e-13
-1.083333333333333570e+01 3.001815181608676269e-13
-1.075000000000000000e+01 3.573557544517946996e-13
-1.066666666666666785e+01 4.251834341406512862e-13
-1.058333333333333570e+01 5.056041338283435255e-13
-1.050000000000000000e+01 6.009019621349868811e-13
-1.041666666666666785e+01 7.137651729970607435e-13
-1.033333333333333570e+01 8.473558070035393627e-13
-1.025000000000000000e+01 1.005390997088541330e-12
-1.016666666666666785e+01 1.192237833197031435e-12
-1.008333333333333570e+01 1.413023978152947179e-12
-1.000000000000000000e+01 1.673766569631481591e-12
-9.916666666666667851e+00 1.981522337416722904e-12
-9.833333333333335702e+00 2.344562318468400925e-12
-9.750000000000000000e+00 2.772575073210448332e-12
-9.666666666666667851e+00 3.276902904534445346e-12
-9.583333333333335702e+00 3.870816267239984949e-12
-9.500000000000000000e+00 4.569832342449233916e-12
-9.416666666666667851e+00 5.392084653042046408e-12
-9.333333333333335702e+00 6.358751628349416132e-12
-9.250000000000000000e+00 7.494553207323016673e-12
-9.166666666666667851e+00 8.828325919654055169e-12
-9.083333333333335702e+00 1.039368842700948647e-11
-9.000000000000000000e+00 1.222981126785497169e-11
-8.916666666666667851e+00 1.438230655877945749e-11
-8.833333333333335702e+00 1.690425569613957277e-11
-8.750000000000000000e+00 1.985739571174574712e-11
-8.666666666666667851e+00 2.331348790748852935e-11
-8.583333333333335702e+00 2.735589577381239460e-11
-8.500000000000000000e+00 3.208140303924768070e-11
-8.416666666666667851e+00 3.760230706285679421e-11
-8.333333333333335702e+00 4.404882773582646957e-11
-8.250000000000000000e+00 5.157187767810337005e-11
-8.166666666666667851e+00 6.034624588557420087e-11
-8.083333333333335702e+00 7.057425419759317756e-11
-8.000000000000000000e+00 8.248995411962567455e-11
-7.916666666666667851e+00 9.636394076982237432e-11
-7.833333333333335702e+00 1.125088711536670311e-10
-7.750000000000000000e+00 1.312857857549113769e-10
-7.666666666666667851e+00 1.531113457281642977e-10
-7.583333333333335702e+00 1.784661129717272289e-10
-7.500000000000000000e+00 2.079040172521205015e-10
-7.416666666666667851e+00 2.420631735704769793e-10
-7.333333333333335702e+00 2.816782343568150638e-10
-7.250000000000000000e+00 3.275944851298650045e-10
-7.166666666666667851e+00 3.807839192765016080e-10
-7.083333333333335702e+00 4.423635579280361238e-10
-7.000000000000000000e+00 5.136163149190191778e-10
-6.916666666666667851e+00 5.960147449260734576e-10
-6.833333333333335702e+00 6.912480555613881327e-10
-6.750000000000000000e+00 8.012528119472601987e-10
-6.666666666666667851e+00 9.282478156858015505e-10
-6.583333333333335702e+00 1.074773699779661359e-09
-6.500000000000000000e+00 1.243737847634916947e-09
-6.416666666666667851e+00 1.438465318532959753e-09
-6.333333333333335702e+00 1.662756544713759701e-09
-6.250000000000000000e+00 1.920952657366854908e-09
-6.166666666666667851e+00 2.218009401363012590e-09
-6.083333333333335702e+00 2.559580712555429358e-09
-6.000000000000000000e+00 2.952113158111429686e-09
-5.916666666666667851e+00 3.402952580888529326e-09
-5.833333333333335702e+00 3.920464444743563024e-09
-5.750000000000000000e+00 4.514169550386351451e-09
-5.666666666666667851e+00 5.194896982620605074e-09
-5.583333333333335702e+00 5.974956361359021899e-09
-5.500000000000000000e+00 6.868331702615604369e-09
-5.416666666666667851e+00 7.890899453890200174e-09
-5.333333333333335702e+00 9.060673553267740816e-09
-5.250000000000000000e+00 1.039808067564547255e-08
-5.166666666666667851e+00 1.192626917546234077e-08
-5.083333333333335702e+00 1.367145561603450254e-08
-5.000000000000000000e+00 1.566331319422286798e-08
-4.916666666666667851e+00 1.793540682903278096e-08
-4.833333333333335702e+00 2.052568018748316775e-08
-4.750000000000000000e+00 2.347700047455730166e-08
-4.666666666666667851e+00 2.683776742040929573e-08
-4.583333333333335702e+00 3.066259356169276043e-08
-4.500000000000000000e+00 3.501306363964287340e-08
-4.416666666666667851e+00 3.995858173044152504e-08
-4.333333333333335702e+00 4.557731558881631937e-08
-4.250000000000000000e+00 5.195724862949453076e-08
-4.166666666666667851e+00 5.919735099913832927e-08
-4.083333333333335702e+00 6.740888231016215752e-08
-4.000000000000000000e+00 7.671683982419795441e-08
-3.916666666666667851e+00 8.726156719411723555e-08
-3.833333333333335702e+00 9.920054030701425344e-08
-3.750000000000000000e+00 1.127103483243769845e-07
-3.666666666666667851e+00 1.279888896981679819e-07
-3.583333333333335702e+00 1.452578047614633957e-07
-3.500000000000000000e+00 1.647651684587882828e-07
-3.416666666666667851e+00 1.867884689038504566e-07
-3.333333333333335702e+00 2.116378997409203487e-07
-3.250000000000000000e+00 2.396599967508544228e-07
-3.166666666666667851e+00 2.712416517943265263e-07
-3.083333333333335702e+00 3.068145400340844838e-07
-3.000000000000000000e+00 3.468599994362184937e-07
-2.916666666666667851e+00 3.919144048289232317e-07
-2.833333333333335702e+00 4.425750823077159893e-07
-2.750000000000000000e+00 4.995068135303873458e-07
-2.666666666666667851e+00 5.634489834549921084e-07
-2.583333333333335702e+00 6.352234293519446687e-07
-2.500000000000000000e+00 7.157430534787059501e-07
-2.416666666666667851e+00 8.060212666544801771e-07
-2.333333333333335702e+00 9.071823351243970066e-07
-2.250000000000000000e+00 1.020472708569247336e-06
-2.166666666666667851e+00 1.147273412908848688e-06
-2.083333333333335702e+00 1.289113597674956463e-06
-2.000000000000000000e+00 1.447685334203062891e-06
-1.916666666666667851e+00 1.624859767720375430e-06
-1.833333333333335702e+00 1.822704733597608902e-06
-1.750000000000000000e+00 2.043503955591868985e-06
-1.666666666666667851e+00 2.289777951842422797e-06
-1.583333333333335702e+00 2.564306782693146957e-06
-1.500000000000000000e+00 2.870154783111708447e-06
-1.416666666666667851e+00 3.210697431547304961e-06
-1.333333333333335702e+00 3.589650516525024669e-06
-1.250000000000000000e+00 4.011101772102566042e-06
-1.166666666666667851e+00 4.479545163511206073e-06
-1.083333333333335702e+00 4.999918014855908684e-06
-1.000000000000000000e+00 5.577641181646340307e-06
-9.166666666666678509e-01 6.218662482153790185e-06
-8.333333333333357018e-01 6.929503613117583183e-06
-7.500000000000000000e-01 7.717310787133500075e-06
-6.666666666666678509e-01 8.589909341115611123e-06
-5.833333333333357018e-01 9.555862577497158732e-06
-5.000000000000000000e-01 1.062453511228587784e-05
-4.166666666666678509e-01 1.180616101666836890e-05
-3.333333333333357018e-01 1.311191705151467406e-05
-2.500000000000000000e-01 1.455400130681215317e-05
-1.666666666666678509e-01 1.614571757068916321e-05
-8.333333333333570181e-02 1.790156576520600948e-05
0.000000000000000000e+00 1.983733879841166492e-05
8.333333333333214910e-02 2.197022619420471186e-05
1.666666666666642982e-01 2.431892487320146522e-05
2.500000000000000000e-01 2.690375746900023590e-05
3.333333333333321491e-01 2.974679857482967604e-05
4.166666666666642982e-01 3.287200932545789283e-05
5.000000000000000000e-01 3.630538072829501322e-05
5.833333333333321491e-01 4.007508616570275181e-05
6.666666666666642982e-01 4.421164349749093019e-05
7.500000000000000000e-01 4.874808719827145921e-05
8.333333333333321491e-01 5.372015096859988594e-05
9.166666666666642982e-01 5.916646126148286222e-05
1.000000000000000000e+00 6.512874216669648408e-05
1.083333333333332149e+00 7.165203209424484841e-05
1.166666666666664298e+00 7.878491269500900328e-05
1.250000000000000000e+00 8.657975045097341651e-05
1.333333333333332149e+00 9.509295135917763826e-05
1.416666666666664298e+00 1.043852291224914986e-04
1.500000000000000000e+00 1.145218872462445021e-04
1.583333333333332149e+00 1.255731154224220799e-04
1.666666666666664298e+00 1.376143005623405469e-04
1.750000000000000000e+00 1.507263528142039114e-04
1.833333333333332149e+00 1.649960468734919217e-04
1.916666666666664298e+00 1.805163788614963787e-04
2.000000000000000000e+00 1.973869390102809325e-04
2.083333333333328596e+00 2.157143003506686407e-04
2.166666666666664298e+00 2.356124235533208953e-04
2.250000000000000000e+00 2.572030780213737148e-04
2.333333333333328596e+00 2.806162792762064069e-04
2.416666666666664298e+00 3.059907426155623758e-04
2.500000000000000000e+00 3.334743529552288452e-04
2.583333333333328596e+00 3.632246506916596697e-04
2.666666666666664298e+00 3.954093333431265341e-04
2.750000000000000000e+00 4.302067726411070532e-04
2.833333333333328596e+00 4.678065466515512550e-04
2.916666666666664298e+00 5.084099864073365936e-04
3.000000000000000000e+00 5.522307364285871821e-04
3.083333333333328596e+00 5.994953283965782876e-04
3.166666666666664298e+00 6.504437671297173948e-04
3.250000000000000000e+00 7.053301278865932401e-04
3.333333333333328596e+00 7.644231638915196820e-04
3.416666666666664298e+00 8.280069228423997743e-04
3.500000000000000000e+00 8.963813710194131314e-04
3.583333333333328596e+00 9.698630234661100849e-04
3.666666666666664298e+00 1.048785578562430165e-03
3.750000000000000000e+00 1.133500555152089405e-03
3.833333333333328596e+00 1.224377930225425569e-03
3.916666666666664298e+00 1.321806774993211338e-03
4.000000000000000000e+00 1.426195887018138955e-03
4.083333333333328596e+00 1.537974415898814631e-03
4.166666666666664298e+00 1.657592479827158958e-03
4.250000000000000000e+00 1.785521770164647535e-03
4.333333333333328596e+00 1.922256141006704368e-03
4.416666666666664298e+00 2.068312180528507609e-03
4.500000000000000000e+00 2.224229760730776859e-03
4.583333333333328596e+00 2.390572562031232848e-03
4.666666666666664298e+00 2.567928568977837639e-03
4.750000000000000000e+00 2.756910533194679384e-03
4.833333333333328596e+00 2.958156399511439535e-03
4.916666666666664298e+00 3.172329691074243178e-03
5.000000000000000000e+00 3.400119849090478541e-03
5.083333333333328596e+00 3.642242522724376767e-03
5.166666666666664298e+00 3.899439804534936271e-03
5.250000000000000000e+00 4.172480406734944448e-03
5.333333333333328596e+00 4.462159773450089829e-03
5.416666666666664298e+00 4.769300124073364185e-03
5.500000000000000000e+00 5.094750422741781137e-03
5.583333333333328596e+00 5.439386268913105373e-03
5.666666666666664298e+00 5.804109703990160442e-03
5.750000000000000000e+00 6.189848928931531054e-03
5.833333333333328596e+00 6.597557927801177453e-03
5.916666666666664298e+00 7.028215992247613050e-03
6.000000000000000000e+00 7.482827141966113399e-03
6.083333333333328596e+00 7.962419436288621644e-03
6.166666666666664298e+00 8.468044172163640207e-03
6.250000000000000000e+00 9.000774963937030471e-03
6.333333333333328596e+00 9.561706700522839067e-03
6.416666666666664298e+00 1.015195437576374426e-02
6.500000000000000000e+00 1.077265178802322247e-02
6.583333333333328596e+00 1.142495010532816949e-02
6.666666666666664298e+00 1.211001629269044082e-02
6.750000000000000000e+00 1.282903139858125423e-02
6.833333333333328596e+00 1.358318869791131506e-02
6.916666666666664298e+00 1.437369168928538492e-02
7.000000000000000000e+00 1.520175194474896775e-02
7.083333333333328596e+00 1.606858681073027040e-02
7.166666666666664298e+00 1.697541695939960502e-02
7.250000000000000000e+00 1.792346379022065686e-02
7.333333333333328596e+00 1.891394668205532634e-02
7.416666666666664298e+00 1.994808009679977651e-02
7.500000000000000000e+00 2.102707053617830502e-02
7.583333333333328596e+00 2.215211335399833864e-02
7.666666666666664298e+00 2.332438942687246539e-02
7.750000000000000000e+00 2.454506168714304382e-02
7.833333333333328596e+00 2.581527152249403489e-02
7.916666666666664298e+00 2.713613504750705605e-02
8.000000000000000000e+00 2.850873925320307478e-02
8.083333333333328596e+00 2.993413804141506485e-02
8.166666666666664298e+00 3.141334815164511379e-02
8.250000000000000000e+00 3.294734498888002294e-02
8.333333333333328596e+00 3.453705836165568005e-02
8.416666666666664298e+00 3.618336814048520728e-02
8.500000000000000000e+00 3.788709984757367144e-02
8.583333333333328596e+00 3.964902018955186735e-02
8.666666666666664298e+00 4.146983254574360817e-02
8.750000000000000000e+00 4.335017242525810582e-02
8.833333333333328596e+00 4.529060290693891211e-02
8.916666666666664298e+00 4.729161007691998903e-02
9.000000000000000000e+00 4.935359847922198701e-02
9.083333333333328596e+00 5.147688659546326845e-02
9.166666666666664298e+00 5.366170237036167745e-02
9.250000000000000000e+00 5.590817880025168024e-02
9.333333333333328596e+00 5.821634960233439127e-02
9.416666666666664298e+00 6.058614498282121480e-02
9.500000000000000000e+00 6.301738752249760878e-02
9.583333333333328596e+00 6.550978819854176571e-02
9.666666666666664298e+00 6.806294256166446621e-02
9.750000000000000000e+00 7.067632708778780193e-02
9.833333333333328596e+00 7.334929572356026217e-02
9.916666666666664298e+00 7.608107664498675593e-02
1.000000000000000000e+01 7.887076924836185221e-02
1.008333333333332860e+01 8.028779632057386761e-02
1.016666666666666430e+01 8.171016419521821839e-02
1.025000000000000000e+01 8.313645460348693950e-02
1.033333333333332860e+01 8.456519267020576325e-02
1.041666666666666430e+01 8.599484826935470394e-02
1.050000000000000000e+01 8.742383758259028581e-02
1.058333333333332860e+01 8.885052486246196313e-02
1.066666666666666430e+01 9.027322440126808734e-02
1.075000000000000000e+01 9.169020270570710229e-02
1.083333333333332860e+01 9.309968087668685222e-02
1.091666666666666430e+01 9.449983719280556638e-02
1.100000000000000000e+01 9.588880989518538955e-02
1.108333333333332860e+01 9.726470017045595051e-02
1.116666666666666430e+01 9.862557532781893177e-02
1.125000000000000000e+01 9.996947216522701629e-02
1.133333333333332860e+01 1.012944005188244900e-01
1.141666666666666430e+01 1.025983469889022448e-01
1.150000000000000000e+01 1.038792788347351614e-01
1.158333333333332860e+01 1.051351480297877256e-01
1.166666666666666430e+01 1.063638954679202442e-01
1.175000000000000000e+01 1.075634553103691909e-01
1.183333333333332860e+01 1.087317594624716416e-01
1.191666666666666430e+01 1.098667421682974904e-01
1.200000000000000000e+01 1.109663447106032097e-01
1.208333333333332860e+01 1.120285202027970356e-01
1.216666666666666430e+01 1.130512384589244523e-01
1.225000000000000000e+01 1.140324909270578890e-01
1.233333333333332860e+01 1.149702956708890667e-01
1.241666666666666430e+01 1.158627023837997538e-01
1.250000000000000000e+01 1.167077974192201884e-01
1.258333333333332860e+01 1.175037088206740549e-01
1.266666666666666430e+01 1.182486113345959239e-01
1.275000000000000000e+01 1.189407313887077128e-01
1.283333333333332860e+01 1.195783520185624837e-01
1.291666666666666430e+01 1.201598177247486104e-01
1.300000000000000000e+01 1.206835392431789278e-01
1.308333333333332860e+01 1.211479982109524289e-01
1.316666666666666430e+01 1.215517517103553852e-01
1.325000000000000000e+01 1.218934366737894903e-01
1.333333333333332860e+01 1.221717741326635298e-01
1.341666666666666430e+01 1.223855732936532797e-01
1.350000000000000000e+01 1.225337354261554629e-01
1.358333333333332860e+01 1.226152575452782306e-01
1.366666666666666430e+01 1.226292358752890110e-01
1.375000000000000000e+01 1.225748690791098605e-01
1.383333333333332860e+01 1.224514612401910174e-01
1.391666666666666430e+01 1.222584245838824746e-01
1.400000000000000000e+01 1.219952819263077637e-01
1.408333333333332860e+01 1.216616688396721241e-01
1.416666666666666430e+01 1.212573355239417172e-01
1.425000000000000000e+01 1.207821483758841491e-01
1.433333333333332860e+01 1.202360912474998433e-01
1.441666666666666430e+01 1.196192663871511186e-01
1.450000000000000000e+01 1.189318950577114842e-01
1.458333333333332860e+01 1.181743178274159284e-01
1.466666666666666430e+01 1.173469945302636624e-01
1.475000000000000000e+01 1.164505038941257842e-01
1.483333333333332860e+01 1.154855428359495423e-01
1.491666666666666430e+01 1.144529254248371070e-01
1.500000000000000000e+01 1.133535815149363662e-01
1.508333333333332860e+01 1.121885550515708402e-01
1.516666666666666430e+01 1.109590020550340617e-01
1.525000000000000000e+01 1.096661882881039829e-01
1.533333333333332860e+01 1.083114866141735855e-01
1.541666666666666430e+01 1.068963740545570140e-01
1.550000000000000000e+01 1.054224285542875450e-01
1.558333333333332860e+01 1.038913254670619790e-01
1.566666666666666430e+01 1.023048337712660766e-01
1.575000000000000000e+01 1.006648120295579457e-01
1.583333333333332860e+01 9.897320410601358198e-02
1.591666666666666430e+01 9.723203465542092083e-02
1.600000000000000000e+01 9.544340440026069516e-02
1.608333333333332860e+01 9.360948521171445769e-02
1.616666666666666430e+01 9.173251501171171551e-02
1.625000000000000000e+01 8.981479251368822136e-02
1.633333333333332860e+01 8.785867182026985134e-02
1.641666666666666430e+01 8.586655689655238455e-02
1.650000000000000000e+01 8.384089593804283647e-02
1.658333333333332860e+01 8.178417565262360855e-02
1.666666666666666430e+01 7.969891547608694282e-02
1.675000000000000000e+01 7.758766174094232360e-02
1.683333333333332860e+01 7.545298181819914962e-02
1.691666666666666430e+01 7.329745825179835583e-02
1.700000000000000000e+01 7.112368290519384406e-02
1.708333333333332860e+01 6.893425113939322113e-02
1.716666666666666430e+01 6.673175604142679573e-02
1.725000000000000000e+01 6.451878272184469187e-02
1.733333333333332860e+01 6.229790269934879637e-02
1.741666666666666430e+01 6.007166839015726928e-02
1.750000000000000000e+01 5.784260771904678466e-02
1.758333333333332860e+01 5.561321886836553818e-02
1.766666666666666430e+01 5.338596518054898599e-02
1.775000000000000000e+01 5.116327022886039272e-02
1.783333333333332860e+01 4.894751307024827053e-02
1.791666666666666430e+01 4.674102369327133577e-02
1.800000000000000000e+01 4.454607867311483060e-02
1.808333333333332860e+01 4.236489704472851808e-02
1.816666666666666430e+01 4.019963640409062594e-02
1.825000000000000000e+01 3.805238924655750254e-02
1.833333333333332860e+01 3.592517955019308012e-02
1.841666666666666430e+01 3.381995961087662372e-02
1.850000000000000000e+01 3.173860713490318092e-02
1.858333333333332860e+01 2.968292259368289152e-02
1.866666666666666430e+01 2.765462684405176411e-02
1.875000000000000000e+01 2.565535901660871004e-02
1.883333333333332860e+01 2.368667467341865548e-02
1.891666666666666430e+01 2.175004423535194936e-02
1.900000000000000000e+01 1.984685167829230643e-02
1.908333333333332860e+01 1.797839349642704754e-02
1.916666666666666430e+01 1.614587792984873912e-02
1.925000000000000000e+01 1.435042445274793688e-02
1.933333333333332860e+01 1.259306351756385965e-02
1.941666666666666430e+01 1.087473654959353331e-02
1.950000000000000000e+01 9.196296185732708364e-03
1.958333333333332860e+01 7.558506750251642488e-03
1.966666666666666430e+01 5.962044959781322671e-03
1.975000000000000000e+01 4.407500849018520378e-03
1.983333333333332860e+01 2.895378908041153655e-03
1.991666666666666430e+01 1.426099421568485966e-03
