1 1 2
1 2 3
1 3 4
1 4 5
1 5 6
1 6 7
1 7 8
1 8 9
1 9 10
1 14 15
1 15 16
1 20 21
1 24 25
1 27 28
1 35 36
1 48 49
1 49 50
1 63 64
1 80 81
1 125 126
1 224 225
1 2400 2401
1 4374 4375
1 300125 300126
2 3 5
2 5 7
2 7 9
2 25 27
2 243 245
3 4 7
3 5 8
3 7 10
3 25 28
3 32 35
3 125 128
4 5 9
4 21 25
4 45 49
5 7 12
5 9 14
5 16 21
5 27 32
5 49 54
5 1024 1029
7 8 15
7 9 16
7 18 25
7 20 27
7 25 32
7 128 135
7 243 250
8 27 35
9 16 25
9 40 49
15 49 64
21 50000 50021
24 25 49
25 56 81
27 98 125
32 49 81
32 343 375
49 576 625
64 125 189
81 175 256
100 243 343
400 50021 50421
