0000000000
3615542046
5453326015
3166330132
5335450563
3244624403
5511111302
2025666622
4062221544
6314035614
1641063535
2143405341
4526503213
6663154220
1424441150
0232515125
0356264356
6530246431
1150612264
2402133466
4201352651
Aut = 3

0000000000
6535023656
2353041343
6221151032
2615415064
6344505525
2562602131
3265246405
5316163201
4520316223
5160554366
4054253114
1046424433
4401665446
1203532254
0113626512
0436331165
3452114550
5641342610
1632260322
3124430641
Aut = 1

0000000000
6222604161
5353201326
2021216232
3036633345
0626145523
0161454314
2643620654
4532550422
1305514643
5204152255
3442461203
5511335601
1233366510
6655432430
2454543011
4146312066
6114021542
3565046156
1460225465
4310163134
Aut = 1

0000000000
0632666265
0213334523
1411406456
5544302211
3324236302
2462315104
6355413220
1566631630
4122450613
6446240545
2150644351
6220162434
3251021115
2533053442
3015565641
4043111366
5336125053
4661542022
1104523564
5605254136
Aut = 3

0000000000
3063243426
4024662143
3155551104
2444445605
3526430531
1234510216
6535144340
5622355410
5340631356
4650116525
2251064451
5133026633
0541322224
0213135162
2306256242
4402523361
6411201513
1666604664
1315363035
6162412052
Aut = 3

0000000000
4343106522
2436605266
6624016213
1233043154
0556436434
0131124615
5463230643
3122440326
1512152063
5254621021
4505541245
6401462551
4662664130
2245332310
3610325544
2320553631
3044263465
5016514352
1361311406
6155255102
Aut = 1

0000000000
6506466626
5603243531
6611024152
3144053614
6253515304
1422163402
2225220665
5152430143
0261662513
0334441362
3636502445
4362206254
4456654061
3321335036
2414316540
1565551130
5035114216
4043321423
2540132351
1110645225
Aut = 1

0000000000
6344450226
1152240161
4251601214
5634204643
3506132263
2403216324
1264333350
5442662530
4610322421
2120551553
3245515041
6533341032
3661056135
2312035612
6015164154
5021413462
0353123545
0466544416
4136465305
1525626606
Aut = 1

0000000000
5440246655
3250455234
3331513025
4222262062
1656132405
6562556301
2136254110
4465625420
1114066524
2421031241
3604324661
6303642144
4516410643
6241120516
2012343436
5054611312
0645561133
0533335552
5163103263
1325404356
Aut = 3

0000000000
5440246345
3250455233
3331513025
4222262062
1656132505
6562556604
2136254110
4465625520
1114066226
2421031631
3604324642
6303642211
4516410441
6241120156
2012343553
5054611164
0645561413
0533335366
5163103432
1325404354
Aut = 3

0000000000
5362206646
4436303364
3116110635
2565430352
0221462661
0645255434
1160661124
5420535515
1204243255
5501314423
2256554106
6614366502
4013425226
2042141563
1533156011
4354632033
6132522450
3623644340
3341023112
6455011241
Aut = 3

0000000000
6624616015
5245153046
0435242113
0546624434
5356530612
1441460225
2152603253
4533501345
2665331420
3312414140
4606452551
1502346666
2231015631
6413033564
5110226321
4320165463
6061144352
3054261536
3223322202
1164555104
Aut = 1

0000000000
6613250334
3455410426
3526051165
2444026353
4150553251
5430162535
0366465311
0251224562
4021335433
6042444245
1105242113
2601561646
6136306622
5212605156
3664632202
1322516504
4514114610
2333643460
5565323044
1243131021
Aut = 1

0000000000
5261304346
4636205552
1441110523
6154250245
2621452410
3343221360
2315045143
3652033626
2434563301
4225126605
6513162056
1256541014
6022644561
3035312234
4103534433
5506413165
0142366112
0564625424
5410651632
1360436251
Aut = 1

