0123456103264526450313210564450621354613026354120
0123456104623524150633251604436051256321406504321
0123456106452325316043612045435026152463106405132
0123456120463520153643546120436250156310426450213
0123456120563420143653546102463152053602416452013
0123456120564320165343564102465132054302616342015
0123456120634520546313510264463152054620136345102
0123456120653420143653645120453160254602136352041
0123456120653426153403064125453160253420616450213
0123456123056426510433042615436510254163206504231
0123456123064523165043645120405236154610326504213
0123456123064524563013062514431526056041236541032
0123456123456024163053051642460521353601246542031
0123456123460525163403062514430526156410236450132
0123456123506426541033042615456132054062316310542
0123456123604524605133502164431560256413206054231
0123456123650424653103052641450126356401326314025
0123456124063525163043451062460512353642106032541
0123456124506325316403604512436210550162346450321
0123456124506325613043652140430652154106326034215
0123456124536020365143652041436120554106326504123
0123456124536026145033401625405613253620146530241
0123456124560324160353501264463051253621406054321
0123456124560324160353504162463152053602416052314
0123456124630520546133402561456123056301246315042
0123456124653020346153562041465130254102636305124
0123456125036425346013642015436152054061326015243
0123456125064324160353564210403156256423016305124
0123456125406326103453541602436521050361246402531
0123456125460324305613516240460213550613246345012
0123456125603424356013064125451036256012436342510
0123456126054323510643514620463510254062316042315
0123456126403526453013056124450126353106426432510
0123456126450326350143041625451236053062416450132
0123456126504326341053541620431056254062316052314
0123456126534025146033452061463012553062146041532
0123456130426525316043265041465231050461326410523
0123456130456220613453415620453620156420136250134
0123456130564226540133240561456123050163246432105
0123456130624520615343415062453062156423106254103
0123456130624526450133562104425136050146326430521
0123456134256020361453504621465021352610346415302
0123456134256020546133265041453610256103246401235
0123456134506224506133261504451632056042316032145
0123456134560225163403601524423016554620136054231
0123456134562025601433401265425630156120346034512
0123456134562025601433604215405236154160326231504
0123456134602524503613562104463521052016436014532
0123456135064224365103512064460123550641236245301
0123456135206426453103410625453620150641326201543
0123456135264024305613604125451630252610346045213
0123456135426024605313246015451260356013246035142
0123456135604220351643604215456032152416306412503
0123456135604220451633462501460132552346106510234
0123456135604226305143541620420516354623016014235
0123456136024520315643654012450632154126306245103
0123456136024524365013502164405163256140236245310
0123456136024524513603016524450263156340126245103
0123456136024524563013241560460512350146326532014
0123456136052426140353451260403561252063416542103
0123456136250420451633654210451063254360216201345
0123456136502426415303502641423610554103626054213
0123456136520425460313401562405261356143206230145
0123456140256320146353256014463510253602416541320
0123456140256325306413265104465123053460126014325
0123456140263526350143056241456132052401636314502
0123456140526320461353512640463051253640216251304
0123456140526326510343246105436251050346216510342
0123456140562325340613256104406123556123406340512
0123456140623520153643541602426051356341206352041
0123456140623525410633264501465231053106426035124
0123456140632523651043514062425063156312406042513
0123456140653226403153265104435126050346216512043
0123456143506220165343251640456230156401236304215
0123456143526025610433204615405613256403216312504
0123456143602525601433642510401563252013646354201
0123456143602526541033065241451036252416306302514
0123456143650226510433065214451236052406316304125
0123456143652025106343254061460231550612436345102
0123456145206323645103206145453160256103246045231
0123456145260325640313046215423516056103246301542
0123456145260326351403246015431056250613246504231
0123456145603220341653641520451260353602416205314
0123456145630220315643615240436012552046316542013
0123456146023520453613512640460152352360146354102
0123456146023525410633652104430562152163406034512
0123456146032525416303256041461520350341626302514
0123456146250320563143605142453026153146206241035
0123456146253020451633614025453160252063416350214
0123456146502323106453201564405613256423106534201
0123456146520320465313204615435216056103426531024
0123456146520326503143541062403612552146306302541
0123456146520326513403512064403651252046316340125
0123456146520326513403512064420613550346126340521
0123456150462324613053056214431056256421306235041
0123456150623423450613612540423160554603126054123
0123456150623424350613650142406132553426106214503
0123456150632420546133265041461053253412606432105
0123456153064226540133246105430256150613246415230
0123456153064226540133416520420536153621046041235
0123456153426023650413041625461250352063146450132
0123456153462020561343401562426530156120436340215
0123456153604224605133205164435260156413206014235
0123456153624024615033254061461032553026146045132
0123456153624026105343054612426130554021636345021
0123456154062320153643651042423650153642106402135
0123456154062326345013451260406231552061346315042
0123456154236023641053605214405163252360416410523
0123456154603223605143602145425136050346216415203
0123456154603224316053214560460512350623416350214
0123456154632024316053654012430526152601436012534
0123456156024326140353452601403156252463106305124
0123456156032426415303254061431620554026136035142
0123456156204324503613614502403612552416306305214
0123456156423023406153605142403652154120636251304
0123456160253425603413014625435621054310626245103
0123456160423523560143045162451260352613406430521
0123456160452320416353265014435620154123606530142
0123456160452323561043462015401536252316406540231
0123456160524320563143541062436012552146306432501
0123456160532425640313016542425061353421606431205
0123456163052420541633542610426130554160326305241
0123456163052423451603502641426130554160326054213
0123456163402523501643461502451623050426136205341
0123456163420525163403405162425063153610246042513
0123456163450224561303201645456021353120646045321
0123456163502420415633564201425631053106426402135
0123456163502425601433254610431620554023616041532
0123456163504224603153254601431652050421636501234
0123456163520424605313254160450162350163426342015
0123456163524024106353261504450216353460126054321
0123456164053224650133256104403162553042616512340
0123456164253020653413504162425061353160246431205
0123456164253023160453501264426530154306126054123
0123456164530224106353206514453126050621436354021
0123456164530225641303206514403162554102636352041
0123456164532023105643561042423610554026136054231
0123456165023423456013514062406231552361406401523
0123456165023425610433045621430651254123606234105
0123456165024324350613541620406213552063146314502
0123456165034224615303245061451260353061246034215
0123456165230423450613064215450612352316406410532
0123456165234023461053405612451026352610346034521
0123456165402325413603415602430621552601346032541
0123456165403224653103246501451062350312646302145
0123456165423024316053512064436051252061436045321
0123456165432024156033541062426013553062146032541
