M4 edges: [(0, 1), (0, 4), (0, 6), (0, 9), (1, 2), (1, 5), (1, 7), (2, 3), (2, 6), (2, 8), (3, 4), (3, 7), (3, 9), (4, 5), (4, 8), (5, 10), (6, 10), (7, 10), (8, 10), (9, 10)]
total subsets: 2048
nonbipartite count: 594
disjoint nonbipartite pairs: 0
N [0, 1, 2, 3, 4]
N [1, 2, 3, 4, 5]
N [0, 1, 2, 3, 4, 5]
N [0, 2, 3, 4, 6]
N [0, 1, 2, 3, 4, 6]
N [0, 2, 3, 4, 5, 6]
N [1, 2, 3, 4, 5, 6]
N [0, 1, 2, 3, 4, 5, 6]
N [0, 1, 3, 4, 7]
N [0, 1, 2, 3, 4, 7]
N [1, 3, 4, 5, 7]
N [0, 1, 3, 4, 5, 7]
N [1, 2, 3, 4, 5, 7]
N [0, 1, 2, 3, 4, 5, 7]
N [0, 1, 3, 4, 6, 7]
N [0, 2, 3, 4, 6, 7]
N [0, 1, 2, 3, 4, 6, 7]
N [1, 3, 4, 5, 6, 7]
N [0, 1, 3, 4, 5, 6, 7]
N [0, 2, 3, 4, 5, 6, 7]
N [1, 2, 3, 4, 5, 6, 7]
N [0, 1, 2, 3, 4, 5, 6, 7]
N [0, 1, 2, 4, 8]
N [0, 1, 2, 3, 4, 8]
N [1, 2, 4, 5, 8]
N [0, 1, 2, 4, 5, 8]
N [1, 2, 3, 4, 5, 8]
N [0, 1, 2, 3, 4, 5, 8]
N [0, 2, 4, 6, 8]
N [0, 1, 2, 4, 6, 8]
N [0, 2, 3, 4, 6, 8]
N [0, 1, 2, 3, 4, 6, 8]
N [0, 2, 4, 5, 6, 8]
N [1, 2, 4, 5, 6, 8]
N [0, 1, 2, 4, 5, 6, 8]
N [0, 2, 3, 4, 5, 6, 8]
N [1, 2, 3, 4, 5, 6, 8]
N [0, 1, 2, 3, 4, 5, 6, 8]
N [0, 1, 2, 4, 7, 8]
N [0, 1, 3, 4, 7, 8]
N [0, 1, 2, 3, 4, 7, 8]
N [1, 2, 4, 5, 7, 8]
N [0, 1, 2, 4, 5, 7, 8]
N [1, 3, 4, 5, 7, 8]
N [0, 1, 3, 4, 5, 7, 8]
N [1, 2, 3, 4, 5, 7, 8]
N [0, 1, 2, 3, 4, 5, 7, 8]
N [0, 2, 4, 6, 7, 8]
N [0, 1, 2, 4, 6, 7, 8]
N [0, 1, 3, 4, 6, 7, 8]
N [0, 2, 3, 4, 6, 7, 8]
N [0, 1, 2, 3, 4, 6, 7, 8]
N [0, 2, 4, 5, 6, 7, 8]
N [1, 2, 4, 5, 6, 7, 8]
N [0, 1, 2, 4, 5, 6, 7, 8]
N [1, 3, 4, 5, 6, 7, 8]
N [0, 1, 3, 4, 5, 6, 7, 8]
N [0, 2, 3, 4, 5, 6, 7, 8]
N [1, 2, 3, 4, 5, 6, 7, 8]
N [0, 1, 2, 3, 4, 5, 6, 7, 8]
N [0, 1, 2, 3, 9]
N [0, 1, 2, 3, 4, 9]
N [0, 1, 2, 3, 5, 9]
N [1, 2, 3, 4, 5, 9]
N [0, 1, 2, 3, 4, 5, 9]
N [0, 2, 3, 6, 9]
N [0, 1, 2, 3, 6, 9]
N [0, 2, 3, 4, 6, 9]
N [0, 1, 2, 3, 4, 6, 9]
N [0, 2, 3, 5, 6, 9]
N [0, 1, 2, 3, 5, 6, 9]
N [0, 2, 3, 4, 5, 6, 9]
N [1, 2, 3, 4, 5, 6, 9]
N [0, 1, 2, 3, 4, 5, 6, 9]
N [0, 1, 3, 7, 9]
N [0, 1, 2, 3, 7, 9]
N [0, 1, 3, 4, 7, 9]
N [0, 1, 2, 3, 4, 7, 9]
N [0, 1, 3, 5, 7, 9]
N [0, 1, 2, 3, 5, 7, 9]
N [1, 3, 4, 5, 7, 9]
N [0, 1, 3, 4, 5, 7, 9]
N [1, 2, 3, 4, 5, 7, 9]
N [0, 1, 2, 3, 4, 5, 7, 9]
N [0, 1, 3, 6, 7, 9]
N [0, 2, 3, 6, 7, 9]
N [0, 1, 2, 3, 6, 7, 9]
N [0, 1, 3, 4, 6, 7, 9]
N [0, 2, 3, 4, 6, 7, 9]
N [0, 1, 2, 3, 4, 6, 7, 9]
N [0, 1, 3, 5, 6, 7, 9]
N [0, 2, 3, 5, 6, 7, 9]
N [0, 1, 2, 3, 5, 6, 7, 9]
N [1, 3, 4, 5, 6, 7, 9]
N [0, 1, 3, 4, 5, 6, 7, 9]
N [0, 2, 3, 4, 5, 6, 7, 9]
N [1, 2, 3, 4, 5, 6, 7, 9]
N [0, 1, 2, 3, 4, 5, 6, 7, 9]
N [0, 1, 2, 3, 8, 9]
N [0, 1, 2, 4, 8, 9]
N [0, 1, 2, 3, 4, 8, 9]
N [0, 1, 2, 3, 5, 8, 9]
N [1, 2, 4, 5, 8, 9]
N [0, 1, 2, 4, 5, 8, 9]
N [1, 2, 3, 4, 5, 8, 9]
N [0, 1, 2, 3, 4, 5, 8, 9]
N [0, 2, 3, 6, 8, 9]
N [0, 1, 2, 3, 6, 8, 9]
N [0, 2, 4, 6, 8, 9]
N [0, 1, 2, 4, 6, 8, 9]
N [0, 2, 3, 4, 6, 8, 9]
N [0, 1, 2, 3, 4, 6, 8, 9]
N [0, 2, 3, 5, 6, 8, 9]
N [0, 1, 2, 3, 5, 6, 8, 9]
N [0, 2, 4, 5, 6, 8, 9]
N [1, 2, 4, 5, 6, 8, 9]
N [0, 1, 2, 4, 5, 6, 8, 9]
N [0, 2, 3, 4, 5, 6, 8, 9]
N [1, 2, 3, 4, 5, 6, 8, 9]
N [0, 1, 2, 3, 4, 5, 6, 8, 9]
N [0, 1, 3, 7, 8, 9]
N [0, 1, 2, 3, 7, 8, 9]
N [0, 1, 2, 4, 7, 8, 9]
N [0, 1, 3, 4, 7, 8, 9]
N [0, 1, 2, 3, 4, 7, 8, 9]
N [0, 1, 3, 5, 7, 8, 9]
N [0, 1, 2, 3, 5, 7, 8, 9]
N [1, 2, 4, 5, 7, 8, 9]
N [0, 1, 2, 4, 5, 7, 8, 9]
N [1, 3, 4, 5, 7, 8, 9]
N [0, 1, 3, 4, 5, 7, 8, 9]
N [1, 2, 3, 4, 5, 7, 8, 9]
N [0, 1, 2, 3, 4, 5, 7, 8, 9]
N [0, 1, 3, 6, 7, 8, 9]
N [0, 2, 3, 6, 7, 8, 9]
N [0, 1, 2, 3, 6, 7, 8, 9]
N [0, 2, 4, 6, 7, 8, 9]
N [0, 1, 2, 4, 6, 7, 8, 9]
N [0, 1, 3, 4, 6, 7, 8, 9]
N [0, 2, 3, 4, 6, 7, 8, 9]
N [0, 1, 2, 3, 4, 6, 7, 8, 9]
N [0, 1, 3, 5, 6, 7, 8, 9]
N [0, 2, 3, 5, 6, 7, 8, 9]
N [0, 1, 2, 3, 5, 6, 7, 8, 9]
N [0, 2, 4, 5, 6, 7, 8, 9]
N [1, 2, 4, 5, 6, 7, 8, 9]
N [0, 1, 2, 4, 5, 6, 7, 8, 9]
N [1, 3, 4, 5, 6, 7, 8, 9]
N [0, 1, 3, 4, 5, 6, 7, 8, 9]
N [0, 2, 3, 4, 5, 6, 7, 8, 9]
N [1, 2, 3, 4, 5, 6, 7, 8, 9]
N [0, 1, 2, 3, 4, 5, 6, 7, 8, 9]
N [0, 1, 2, 3, 4, 10]
N [1, 2, 3, 4, 5, 10]
N [0, 1, 2, 3, 4, 5, 10]
N [0, 2, 3, 4, 6, 10]
N [0, 1, 2, 3, 4, 6, 10]
N [0, 1, 5, 6, 10]
N [1, 2, 5, 6, 10]
N [0, 1, 2, 5, 6, 10]
N [0, 1, 3, 5, 6, 10]
N [1, 2, 3, 5, 6, 10]
N [0, 1, 2, 3, 5, 6, 10]
N [0, 4, 5, 6, 10]
N [0, 1, 4, 5, 6, 10]
N [0, 2, 4, 5, 6, 10]
N [1, 2, 4, 5, 6, 10]
N [0, 1, 2, 4, 5, 6, 10]
N [0, 3, 4, 5, 6, 10]
N [0, 1, 3, 4, 5, 6, 10]
N [0, 2, 3, 4, 5, 6, 10]
N [1, 2, 3, 4, 5, 6, 10]
N [0, 1, 2, 3, 4, 5, 6, 10]
N [0, 1, 3, 4, 7, 10]
N [0, 1, 2, 3, 4, 7, 10]
N [3, 4, 5, 7, 10]
N [0, 3, 4, 5, 7, 10]
N [1, 3, 4, 5, 7, 10]
N [0, 1, 3, 4, 5, 7, 10]
N [2, 3, 4, 5, 7, 10]
N [0, 2, 3, 4, 5, 7, 10]
N [1, 2, 3, 4, 5, 7, 10]
N [0, 1, 2, 3, 4, 5, 7, 10]
N [0, 1, 6, 7, 10]
N [1, 2, 6, 7, 10]
N [0, 1, 2, 6, 7, 10]
N [0, 1, 3, 6, 7, 10]
N [2, 3, 6, 7, 10]
N [0, 2, 3, 6, 7, 10]
N [1, 2, 3, 6, 7, 10]
N [0, 1, 2, 3, 6, 7, 10]
N [0, 1, 4, 6, 7, 10]
N [1, 2, 4, 6, 7, 10]
N [0, 1, 2, 4, 6, 7, 10]
N [0, 1, 3, 4, 6, 7, 10]
N [2, 3, 4, 6, 7, 10]
N [0, 2, 3, 4, 6, 7, 10]
N [1, 2, 3, 4, 6, 7, 10]
N [0, 1, 2, 3, 4, 6, 7, 10]
N [0, 1, 5, 6, 7, 10]
N [1, 2, 5, 6, 7, 10]
N [0, 1, 2, 5, 6, 7, 10]
N [0, 1, 3, 5, 6, 7, 10]
N [2, 3, 5, 6, 7, 10]
N [0, 2, 3, 5, 6, 7, 10]
N [1, 2, 3, 5, 6, 7, 10]
N [0, 1, 2, 3, 5, 6, 7, 10]
N [0, 4, 5, 6, 7, 10]
N [0, 1, 4, 5, 6, 7, 10]
N [0, 2, 4, 5, 6, 7, 10]
N [1, 2, 4, 5, 6, 7, 10]
N [0, 1, 2, 4, 5, 6, 7, 10]
N [3, 4, 5, 6, 7, 10]
N [0, 3, 4, 5, 6, 7, 10]
N [1, 3, 4, 5, 6, 7, 10]
N [0, 1, 3, 4, 5, 6, 7, 10]
N [2, 3, 4, 5, 6, 7, 10]
N [0, 2, 3, 4, 5, 6, 7, 10]
N [1, 2, 3, 4, 5, 6, 7, 10]
N [0, 1, 2, 3, 4, 5, 6, 7, 10]
N [0, 1, 2, 4, 8, 10]
N [0, 1, 2, 3, 4, 8, 10]
N [1, 2, 5, 8, 10]
N [0, 1, 2, 5, 8, 10]
N [1, 2, 3, 5, 8, 10]
N [0, 1, 2, 3, 5, 8, 10]
N [1, 2, 4, 5, 8, 10]
N [0, 1, 2, 4, 5, 8, 10]
N [1, 2, 3, 4, 5, 8, 10]
N [0, 1, 2, 3, 4, 5, 8, 10]
N [0, 4, 6, 8, 10]
N [0, 1, 4, 6, 8, 10]
N [0, 2, 4, 6, 8, 10]
N [0, 1, 2, 4, 6, 8, 10]
N [0, 3, 4, 6, 8, 10]
N [0, 1, 3, 4, 6, 8, 10]
N [0, 2, 3, 4, 6, 8, 10]
N [0, 1, 2, 3, 4, 6, 8, 10]
N [0, 1, 5, 6, 8, 10]
N [1, 2, 5, 6, 8, 10]
N [0, 1, 2, 5, 6, 8, 10]
N [0, 1, 3, 5, 6, 8, 10]
N [1, 2, 3, 5, 6, 8, 10]
N [0, 1, 2, 3, 5, 6, 8, 10]
N [0, 4, 5, 6, 8, 10]
N [0, 1, 4, 5, 6, 8, 10]
N [0, 2, 4, 5, 6, 8, 10]
N [1, 2, 4, 5, 6, 8, 10]
N [0, 1, 2, 4, 5, 6, 8, 10]
N [0, 3, 4, 5, 6, 8, 10]
N [0, 1, 3, 4, 5, 6, 8, 10]
N [0, 2, 3, 4, 5, 6, 8, 10]
N [1, 2, 3, 4, 5, 6, 8, 10]
N [0, 1, 2, 3, 4, 5, 6, 8, 10]
N [1, 2, 7, 8, 10]
N [0, 1, 2, 7, 8, 10]
N [2, 3, 7, 8, 10]
N [0, 2, 3, 7, 8, 10]
N [1, 2, 3, 7, 8, 10]
N [0, 1, 2, 3, 7, 8, 10]
N [1, 2, 4, 7, 8, 10]
N [0, 1, 2, 4, 7, 8, 10]
N [3, 4, 7, 8, 10]
N [0, 3, 4, 7, 8, 10]
N [1, 3, 4, 7, 8, 10]
N [0, 1, 3, 4, 7, 8, 10]
N [2, 3, 4, 7, 8, 10]
N [0, 2, 3, 4, 7, 8, 10]
N [1, 2, 3, 4, 7, 8, 10]
N [0, 1, 2, 3, 4, 7, 8, 10]
N [1, 2, 5, 7, 8, 10]
N [0, 1, 2, 5, 7, 8, 10]
N [2, 3, 5, 7, 8, 10]
N [0, 2, 3, 5, 7, 8, 10]
N [1, 2, 3, 5, 7, 8, 10]
N [0, 1, 2, 3, 5, 7, 8, 10]
N [1, 2, 4, 5, 7, 8, 10]
N [0, 1, 2, 4, 5, 7, 8, 10]
N [3, 4, 5, 7, 8, 10]
N [0, 3, 4, 5, 7, 8, 10]
N [1, 3, 4, 5, 7, 8, 10]
N [0, 1, 3, 4, 5, 7, 8, 10]
N [2, 3, 4, 5, 7, 8, 10]
N [0, 2, 3, 4, 5, 7, 8, 10]
N [1, 2, 3, 4, 5, 7, 8, 10]
N [0, 1, 2, 3, 4, 5, 7, 8, 10]
N [0, 1, 6, 7, 8, 10]
N [1, 2, 6, 7, 8, 10]
N [0, 1, 2, 6, 7, 8, 10]
N [0, 1, 3, 6, 7, 8, 10]
N [2, 3, 6, 7, 8, 10]
N [0, 2, 3, 6, 7, 8, 10]
N [1, 2, 3, 6, 7, 8, 10]
N [0, 1, 2, 3, 6, 7, 8, 10]
N [0, 4, 6, 7, 8, 10]
N [0, 1, 4, 6, 7, 8, 10]
N [0, 2, 4, 6, 7, 8, 10]
N [1, 2, 4, 6, 7, 8, 10]
N [0, 1, 2, 4, 6, 7, 8, 10]
N [3, 4, 6, 7, 8, 10]
N [0, 3, 4, 6, 7, 8, 10]
N [1, 3, 4, 6, 7, 8, 10]
N [0, 1, 3, 4, 6, 7, 8, 10]
N [2, 3, 4, 6, 7, 8, 10]
N [0, 2, 3, 4, 6, 7, 8, 10]
N [1, 2, 3, 4, 6, 7, 8, 10]
N [0, 1, 2, 3, 4, 6, 7, 8, 10]
N [0, 1, 5, 6, 7, 8, 10]
N [1, 2, 5, 6, 7, 8, 10]
N [0, 1, 2, 5, 6, 7, 8, 10]
N [0, 1, 3, 5, 6, 7, 8, 10]
N [2, 3, 5, 6, 7, 8, 10]
N [0, 2, 3, 5, 6, 7, 8, 10]
N [1, 2, 3, 5, 6, 7, 8, 10]
N [0, 1, 2, 3, 5, 6, 7, 8, 10]
N [0, 4, 5, 6, 7, 8, 10]
N [0, 1, 4, 5, 6, 7, 8, 10]
N [0, 2, 4, 5, 6, 7, 8, 10]
N [1, 2, 4, 5, 6, 7, 8, 10]
N [0, 1, 2, 4, 5, 6, 7, 8, 10]
N [3, 4, 5, 6, 7, 8, 10]
N [0, 3, 4, 5, 6, 7, 8, 10]
N [1, 3, 4, 5, 6, 7, 8, 10]
N [0, 1, 3, 4, 5, 6, 7, 8, 10]
N [2, 3, 4, 5, 6, 7, 8, 10]
N [0, 2, 3, 4, 5, 6, 7, 8, 10]
N [1, 2, 3, 4, 5, 6, 7, 8, 10]
N [0, 1, 2, 3, 4, 5, 6, 7, 8, 10]
N [0, 1, 2, 3, 9, 10]
N [0, 1, 2, 3, 4, 9, 10]
N [0, 1, 5, 9, 10]
N [0, 1, 2, 5, 9, 10]
N [0, 1, 3, 5, 9, 10]
N [0, 1, 2, 3, 5, 9, 10]
N [0, 4, 5, 9, 10]
N [0, 1, 4, 5, 9, 10]
N [0, 2, 4, 5, 9, 10]
N [0, 1, 2, 4, 5, 9, 10]
N [3, 4, 5, 9, 10]
N [0, 3, 4, 5, 9, 10]
N [1, 3, 4, 5, 9, 10]
N [0, 1, 3, 4, 5, 9, 10]
N [2, 3, 4, 5, 9, 10]
N [0, 2, 3, 4, 5, 9, 10]
N [1, 2, 3, 4, 5, 9, 10]
N [0, 1, 2, 3, 4, 5, 9, 10]
N [2, 3, 6, 9, 10]
N [0, 2, 3, 6, 9, 10]
N [1, 2, 3, 6, 9, 10]
N [0, 1, 2, 3, 6, 9, 10]
N [2, 3, 4, 6, 9, 10]
N [0, 2, 3, 4, 6, 9, 10]
N [1, 2, 3, 4, 6, 9, 10]
N [0, 1, 2, 3, 4, 6, 9, 10]
N [0, 1, 5, 6, 9, 10]
N [1, 2, 5, 6, 9, 10]
N [0, 1, 2, 5, 6, 9, 10]
N [0, 1, 3, 5, 6, 9, 10]
N [2, 3, 5, 6, 9, 10]
N [0, 2, 3, 5, 6, 9, 10]
N [1, 2, 3, 5, 6, 9, 10]
N [0, 1, 2, 3, 5, 6, 9, 10]
N [0, 4, 5, 6, 9, 10]
N [0, 1, 4, 5, 6, 9, 10]
N [0, 2, 4, 5, 6, 9, 10]
N [1, 2, 4, 5, 6, 9, 10]
N [0, 1, 2, 4, 5, 6, 9, 10]
N [3, 4, 5, 6, 9, 10]
N [0, 3, 4, 5, 6, 9, 10]
N [1, 3, 4, 5, 6, 9, 10]
N [0, 1, 3, 4, 5, 6, 9, 10]
N [2, 3, 4, 5, 6, 9, 10]
N [0, 2, 3, 4, 5, 6, 9, 10]
N [1, 2, 3, 4, 5, 6, 9, 10]
N [0, 1, 2, 3, 4, 5, 6, 9, 10]
N [0, 1, 7, 9, 10]
N [0, 1, 2, 7, 9, 10]
N [0, 1, 3, 7, 9, 10]
N [0, 1, 2, 3, 7, 9, 10]
N [0, 1, 4, 7, 9, 10]
N [0, 1, 2, 4, 7, 9, 10]
N [0, 1, 3, 4, 7, 9, 10]
N [0, 1, 2, 3, 4, 7, 9, 10]
N [0, 1, 5, 7, 9, 10]
N [0, 1, 2, 5, 7, 9, 10]
N [0, 1, 3, 5, 7, 9, 10]
N [0, 1, 2, 3, 5, 7, 9, 10]
N [0, 4, 5, 7, 9, 10]
N [0, 1, 4, 5, 7, 9, 10]
N [0, 2, 4, 5, 7, 9, 10]
N [0, 1, 2, 4, 5, 7, 9, 10]
N [3, 4, 5, 7, 9, 10]
N [0, 3, 4, 5, 7, 9, 10]
N [1, 3, 4, 5, 7, 9, 10]
N [0, 1, 3, 4, 5, 7, 9, 10]
N [2, 3, 4, 5, 7, 9, 10]
N [0, 2, 3, 4, 5, 7, 9, 10]
N [1, 2, 3, 4, 5, 7, 9, 10]
N [0, 1, 2, 3, 4, 5, 7, 9, 10]
N [0, 1, 6, 7, 9, 10]
N [1, 2, 6, 7, 9, 10]
N [0, 1, 2, 6, 7, 9, 10]
N [0, 1, 3, 6, 7, 9, 10]
N [2, 3, 6, 7, 9, 10]
N [0, 2, 3, 6, 7, 9, 10]
N [1, 2, 3, 6, 7, 9, 10]
N [0, 1, 2, 3, 6, 7, 9, 10]
N [0, 1, 4, 6, 7, 9, 10]
N [1, 2, 4, 6, 7, 9, 10]
N [0, 1, 2, 4, 6, 7, 9, 10]
N [0, 1, 3, 4, 6, 7, 9, 10]
N [2, 3, 4, 6, 7, 9, 10]
N [0, 2, 3, 4, 6, 7, 9, 10]
N [1, 2, 3, 4, 6, 7, 9, 10]
N [0, 1, 2, 3, 4, 6, 7, 9, 10]
N [0, 1, 5, 6, 7, 9, 10]
N [1, 2, 5, 6, 7, 9, 10]
N [0, 1, 2, 5, 6, 7, 9, 10]
N [0, 1, 3, 5, 6, 7, 9, 10]
N [2, 3, 5, 6, 7, 9, 10]
N [0, 2, 3, 5, 6, 7, 9, 10]
N [1, 2, 3, 5, 6, 7, 9, 10]
N [0, 1, 2, 3, 5, 6, 7, 9, 10]
N [0, 4, 5, 6, 7, 9, 10]
N [0, 1, 4, 5, 6, 7, 9, 10]
N [0, 2, 4, 5, 6, 7, 9, 10]
N [1, 2, 4, 5, 6, 7, 9, 10]
N [0, 1, 2, 4, 5, 6, 7, 9, 10]
N [3, 4, 5, 6, 7, 9, 10]
N [0, 3, 4, 5, 6, 7, 9, 10]
N [1, 3, 4, 5, 6, 7, 9, 10]
N [0, 1, 3, 4, 5, 6, 7, 9, 10]
N [2, 3, 4, 5, 6, 7, 9, 10]
N [0, 2, 3, 4, 5, 6, 7, 9, 10]
N [1, 2, 3, 4, 5, 6, 7, 9, 10]
N [0, 1, 2, 3, 4, 5, 6, 7, 9, 10]
N [2, 3, 8, 9, 10]
N [0, 2, 3, 8, 9, 10]
N [1, 2, 3, 8, 9, 10]
N [0, 1, 2, 3, 8, 9, 10]
N [0, 4, 8, 9, 10]
N [0, 1, 4, 8, 9, 10]
N [0, 2, 4, 8, 9, 10]
N [0, 1, 2, 4, 8, 9, 10]
N [3, 4, 8, 9, 10]
N [0, 3, 4, 8, 9, 10]
N [1, 3, 4, 8, 9, 10]
N [0, 1, 3, 4, 8, 9, 10]
N [2, 3, 4, 8, 9, 10]
N [0, 2, 3, 4, 8, 9, 10]
N [1, 2, 3, 4, 8, 9, 10]
N [0, 1, 2, 3, 4, 8, 9, 10]
N [0, 1, 5, 8, 9, 10]
N [1, 2, 5, 8, 9, 10]
N [0, 1, 2, 5, 8, 9, 10]
N [0, 1, 3, 5, 8, 9, 10]
N [2, 3, 5, 8, 9, 10]
N [0, 2, 3, 5, 8, 9, 10]
N [1, 2, 3, 5, 8, 9, 10]
N [0, 1, 2, 3, 5, 8, 9, 10]
N [0, 4, 5, 8, 9, 10]
N [0, 1, 4, 5, 8, 9, 10]
N [0, 2, 4, 5, 8, 9, 10]
N [1, 2, 4, 5, 8, 9, 10]
N [0, 1, 2, 4, 5, 8, 9, 10]
N [3, 4, 5, 8, 9, 10]
N [0, 3, 4, 5, 8, 9, 10]
N [1, 3, 4, 5, 8, 9, 10]
N [0, 1, 3, 4, 5, 8, 9, 10]
N [2, 3, 4, 5, 8, 9, 10]
N [0, 2, 3, 4, 5, 8, 9, 10]
N [1, 2, 3, 4, 5, 8, 9, 10]
N [0, 1, 2, 3, 4, 5, 8, 9, 10]
N [2, 3, 6, 8, 9, 10]
N [0, 2, 3, 6, 8, 9, 10]
N [1, 2, 3, 6, 8, 9, 10]
N [0, 1, 2, 3, 6, 8, 9, 10]
N [0, 4, 6, 8, 9, 10]
N [0, 1, 4, 6, 8, 9, 10]
N [0, 2, 4, 6, 8, 9, 10]
N [0, 1, 2, 4, 6, 8, 9, 10]
N [3, 4, 6, 8, 9, 10]
N [0, 3, 4, 6, 8, 9, 10]
N [1, 3, 4, 6, 8, 9, 10]
N [0, 1, 3, 4, 6, 8, 9, 10]
N [2, 3, 4, 6, 8, 9, 10]
N [0, 2, 3, 4, 6, 8, 9, 10]
N [1, 2, 3, 4, 6, 8, 9, 10]
N [0, 1, 2, 3, 4, 6, 8, 9, 10]
N [0, 1, 5, 6, 8, 9, 10]
N [1, 2, 5, 6, 8, 9, 10]
N [0, 1, 2, 5, 6, 8, 9, 10]
N [0, 1, 3, 5, 6, 8, 9, 10]
N [2, 3, 5, 6, 8, 9, 10]
N [0, 2, 3, 5, 6, 8, 9, 10]
N [1, 2, 3, 5, 6, 8, 9, 10]
N [0, 1, 2, 3, 5, 6, 8, 9, 10]
N [0, 4, 5, 6, 8, 9, 10]
N [0, 1, 4, 5, 6, 8, 9, 10]
N [0, 2, 4, 5, 6, 8, 9, 10]
N [1, 2, 4, 5, 6, 8, 9, 10]
N [0, 1, 2, 4, 5, 6, 8, 9, 10]
N [3, 4, 5, 6, 8, 9, 10]
N [0, 3, 4, 5, 6, 8, 9, 10]
N [1, 3, 4, 5, 6, 8, 9, 10]
N [0, 1, 3, 4, 5, 6, 8, 9, 10]
N [2, 3, 4, 5, 6, 8, 9, 10]
N [0, 2, 3, 4, 5, 6, 8, 9, 10]
N [1, 2, 3, 4, 5, 6, 8, 9, 10]
N [0, 1, 2, 3, 4, 5, 6, 8, 9, 10]
N [0, 1, 7, 8, 9, 10]
N [1, 2, 7, 8, 9, 10]
N [0, 1, 2, 7, 8, 9, 10]
N [0, 1, 3, 7, 8, 9, 10]
N [2, 3, 7, 8, 9, 10]
N [0, 2, 3, 7, 8, 9, 10]
N [1, 2, 3, 7, 8, 9, 10]
N [0, 1, 2, 3, 7, 8, 9, 10]
N [0, 4, 7, 8, 9, 10]
N [0, 1, 4, 7, 8, 9, 10]
N [0, 2, 4, 7, 8, 9, 10]
N [1, 2, 4, 7, 8, 9, 10]
N [0, 1, 2, 4, 7, 8, 9, 10]
N [3, 4, 7, 8, 9, 10]
N [0, 3, 4, 7, 8, 9, 10]
N [1, 3, 4, 7, 8, 9, 10]
N [0, 1, 3, 4, 7, 8, 9, 10]
N [2, 3, 4, 7, 8, 9, 10]
N [0, 2, 3, 4, 7, 8, 9, 10]
N [1, 2, 3, 4, 7, 8, 9, 10]
N [0, 1, 2, 3, 4, 7, 8, 9, 10]
N [0, 1, 5, 7, 8, 9, 10]
N [1, 2, 5, 7, 8, 9, 10]
N [0, 1, 2, 5, 7, 8, 9, 10]
N [0, 1, 3, 5, 7, 8, 9, 10]
N [2, 3, 5, 7, 8, 9, 10]
N [0, 2, 3, 5, 7, 8, 9, 10]
N [1, 2, 3, 5, 7, 8, 9, 10]
N [0, 1, 2, 3, 5, 7, 8, 9, 10]
N [0, 4, 5, 7, 8, 9, 10]
N [0, 1, 4, 5, 7, 8, 9, 10]
N [0, 2, 4, 5, 7, 8, 9, 10]
N [1, 2, 4, 5, 7, 8, 9, 10]
N [0, 1, 2, 4, 5, 7, 8, 9, 10]
N [3, 4, 5, 7, 8, 9, 10]
N [0, 3, 4, 5, 7, 8, 9, 10]
N [1, 3, 4, 5, 7, 8, 9, 10]
N [0, 1, 3, 4, 5, 7, 8, 9, 10]
N [2, 3, 4, 5, 7, 8, 9, 10]
N [0, 2, 3, 4, 5, 7, 8, 9, 10]
N [1, 2, 3, 4, 5, 7, 8, 9, 10]
N [0, 1, 2, 3, 4, 5, 7, 8, 9, 10]
N [0, 1, 6, 7, 8, 9, 10]
N [1, 2, 6, 7, 8, 9, 10]
N [0, 1, 2, 6, 7, 8, 9, 10]
N [0, 1, 3, 6, 7, 8, 9, 10]
N [2, 3, 6, 7, 8, 9, 10]
N [0, 2, 3, 6, 7, 8, 9, 10]
N [1, 2, 3, 6, 7, 8, 9, 10]
N [0, 1, 2, 3, 6, 7, 8, 9, 10]
N [0, 4, 6, 7, 8, 9, 10]
N [0, 1, 4, 6, 7, 8, 9, 10]
N [0, 2, 4, 6, 7, 8, 9, 10]
N [1, 2, 4, 6, 7, 8, 9, 10]
N [0, 1, 2, 4, 6, 7, 8, 9, 10]
N [3, 4, 6, 7, 8, 9, 10]
N [0, 3, 4, 6, 7, 8, 9, 10]
N [1, 3, 4, 6, 7, 8, 9, 10]
N [0, 1, 3, 4, 6, 7, 8, 9, 10]
N [2, 3, 4, 6, 7, 8, 9, 10]
N [0, 2, 3, 4, 6, 7, 8, 9, 10]
N [1, 2, 3, 4, 6, 7, 8, 9, 10]
N [0, 1, 2, 3, 4, 6, 7, 8, 9, 10]
N [0, 1, 5, 6, 7, 8, 9, 10]
N [1, 2, 5, 6, 7, 8, 9, 10]
N [0, 1, 2, 5, 6, 7, 8, 9, 10]
N [0, 1, 3, 5, 6, 7, 8, 9, 10]
N [2, 3, 5, 6, 7, 8, 9, 10]
N [0, 2, 3, 5, 6, 7, 8, 9, 10]
N [1, 2, 3, 5, 6, 7, 8, 9, 10]
N [0, 1, 2, 3, 5, 6, 7, 8, 9, 10]
N [0, 4, 5, 6, 7, 8, 9, 10]
N [0, 1, 4, 5, 6, 7, 8, 9, 10]
N [0, 2, 4, 5, 6, 7, 8, 9, 10]
N [1, 2, 4, 5, 6, 7, 8, 9, 10]
N [0, 1, 2, 4, 5, 6, 7, 8, 9, 10]
N [3, 4, 5, 6, 7, 8, 9, 10]
N [0, 3, 4, 5, 6, 7, 8, 9, 10]
N [1, 3, 4, 5, 6, 7, 8, 9, 10]
N [0, 1, 3, 4, 5, 6, 7, 8, 9, 10]
N [2, 3, 4, 5, 6, 7, 8, 9, 10]
N [0, 2, 3, 4, 5, 6, 7, 8, 9, 10]
N [1, 2, 3, 4, 5, 6, 7, 8, 9, 10]
N [0, 1, 2, 3, 4, 5, 6, 7, 8, 9, 10]
