numpy=2.3.5 scipy=1.17.0
predicted_B=1/c_star=1.250000000000
t        t*b_n          t*L1           t^2*moment      profile_L1_error
    100  1.410278620159  0.944703629803  1.536159242285  0.311742162450
    500  1.288297656467  0.988506536855  1.324875504251  0.072769713493
   1000  1.269589368177  0.994223996356  1.288736078642  0.037118992728
   5000  1.253990185860  0.998840040563  1.257962244094  0.007544256814
scaled_inner_endpoints_at_t5000= [0.0005645532 0.0012455885 0.0022381737 0.0031811409 0.0066057491]
y        t^2*G(t,y/t)   limiting_G
0.25     -0.225782606656   -0.225000000000
0.75     -0.527378650662   -0.525000000000
1.25     -0.628974674364   -0.625000000000
1.50     -0.628981008831   -0.625000000000
