-3.409321836228
-3.409321836228
-3.409321836228
-3.000000000000
-3.000000000000
-3.000000000000
-3.000000000000
-3.000000000000
-2.236067977500
-2.236067977500
-2.236067977500
-2.000000000000
-2.000000000000
-2.000000000000
-2.000000000000
-1.173253858728
-1.173253858728
-1.173253858728
-1.000000000000
-1.000000000000
-1.000000000000
-1.000000000000
-1.000000000000
-0.000000000000
-0.000000000000
-0.000000000000
-0.000000000000
-0.000000000000
-0.000000000000
0.000000000000
0.000000000000
0.000000000000
0.000000000000
0.000000000000
0.000000000000
0.000000000000
0.000000000000
1.000000000000
1.000000000000
1.000000000000
1.000000000000
1.000000000000
1.173253858728
1.173253858728
1.173253858728
2.000000000000
2.000000000000
2.000000000000
2.000000000000
2.236067977500
2.236067977500
2.236067977500
3.000000000000
3.000000000000
3.000000000000
3.000000000000
3.000000000000
3.409321836228
3.409321836228
3.409321836228
