000000000
000000001
000000010
000000101
000000111
000001010
000001100
000010000
000010001
000010101
000011011
000011110
000100010
000101000
000101010
000101110
000101111
000111000
000111010
000111101
000111111
001000011
001010011
001010101
001100000
001111100
010000000
010000001
010000010
010000101
010001000
010001010
010001110
010001111
010100000
010100001
010100010
010101000
010101010
010101110
010101111
010111000
010111010
010111101
010111110
010111111
011001101
011100001
011100010
011101000
011101010
011101110
011101111
011110000
011110011
011110101
011111010
011111101
011111110
011111111
100000000
100000001
100000010
100000101
100000111
100001010
100001100
100010000
100010001
100010101
100010111
100011101
100011110
100011111
100101010
100110010
101000000
101000001
101000010
101000101
101000111
101010000
101010001
101010101
101010111
101011101
101011110
101011111
101110000
101110001
101110101
101110111
101111010
101111101
101111110
101111111
110101100
110111100
111000000
111000001
111000010
111000101
111000111
111010000
111010001
111010101
111010111
111011101
111011111
111100100
111101010
111101110
111110001
111110101
111110111
111111000
111111010
111111101
111111110
111111111
