n A_n B_n_minus  (a_n^- = A+B*sqrt(18295489), a_n^+ = A-B*sqrt(18295489))
0 0 0
1 1 0
2 19980 -12
3 8681580 -5184
4 886267168 -479520
5 -9695609010 17022720
6 1311583748112 -207755280
7 15128763788600 863146368
8 80077529352960 5553788160
9 -50633228151963 -90010621440
10 -3930986106140760 456461253720
11 -3891176872559388 -348010910400
12 53173705477656960 -8757400240512
13 37354476525130310 55932197158656
14 112772481922620576 -164299501030560
15 -1698672911337290520 198046142605440
16 -1522606456842450944 179795694090240
17 8612303914493544690 -541024177116672
18 18749808114787989180 -1190813478547644
19 -6185281664011082020 1893669513174720
20 -157934122750641545280 19735916278532160
21 49477478708035580832 -70934037234600960
22 -1341356516498345040 39740864480920656
23 948672420994955609640 222691418151021696
24 168457020617130992640 -366906255951651840
25 738930625442269619575 -330091274813414400
26 -11533340333372161639608 669271580928383160
27 2734993301159831147640 2683067130194682240
28 5835697904062120021760 -6489566524772626176
29 64288072108608527903670 -2810308288613387520
30 -77419697050882170911520 24341036865304177440
31 62866763758980919396832 -28951454052244339200
32 -241860263587138001387520 9936926191976398848
33 -774880917667217522640 17150576347837435392
34 290853454785646514417496 -114157310032713642840
35 122134851560864652103440 249163980216947416320
36 744793374409099706752416 -55493812990119584160
37 -416907603527008455512530 -386690929362942135552
38 -539329244622022756816560 112058896841363889840
39 -4980527082205681784142456 291934237902369229440
40 953265740748983578483200 1309290001943491929600
41 4362462167831462920335642 -2211065437738164403200
42 16561834800001338301856640 -2010991808443754150784
43 -9198552646889719354186300 4112052608644689312576
44 -395504185436666155661184 1557466489936367986560
45 -27541896733340519512128570 10792526702379575040
46 -29936505722637800254544928 -6934694517282053829600
47 47725481982428095396574160 -6164310938852950171392
48 -30271139307370504473845760 9454102574171211472896
49 84734647186160101265203593 26116675032920019609600
50 87234009344474149490807700 -15462391176079255146900
