# C8-free (63+63) witness: K60,3 + K3,60; vertices 0-62 left, 63-125 right
0 63
0 64
0 65
1 63
1 64
1 65
2 63
2 64
2 65
3 63
3 64
3 65
4 63
4 64
4 65
5 63
5 64
5 65
6 63
6 64
6 65
7 63
7 64
7 65
8 63
8 64
8 65
9 63
9 64
9 65
10 63
10 64
10 65
11 63
11 64
11 65
12 63
12 64
12 65
13 63
13 64
13 65
14 63
14 64
14 65
15 63
15 64
15 65
16 63
16 64
16 65
17 63
17 64
17 65
18 63
18 64
18 65
19 63
19 64
19 65
20 63
20 64
20 65
21 63
21 64
21 65
22 63
22 64
22 65
23 63
23 64
23 65
24 63
24 64
24 65
25 63
25 64
25 65
26 63
26 64
26 65
27 63
27 64
27 65
28 63
28 64
28 65
29 63
29 64
29 65
30 63
30 64
30 65
31 63
31 64
31 65
32 63
32 64
32 65
33 63
33 64
33 65
34 63
34 64
34 65
35 63
35 64
35 65
36 63
36 64
36 65
37 63
37 64
37 65
38 63
38 64
38 65
39 63
39 64
39 65
40 63
40 64
40 65
41 63
41 64
41 65
42 63
42 64
42 65
43 63
43 64
43 65
44 63
44 64
44 65
45 63
45 64
45 65
46 63
46 64
46 65
47 63
47 64
47 65
48 63
48 64
48 65
49 63
49 64
49 65
50 63
50 64
50 65
51 63
51 64
51 65
52 63
52 64
52 65
53 63
53 64
53 65
54 63
54 64
54 65
55 63
55 64
55 65
56 63
56 64
56 65
57 63
57 64
57 65
58 63
58 64
58 65
59 63
59 64
59 65
60 66
60 67
60 68
60 69
60 70
60 71
60 72
60 73
60 74
60 75
60 76
60 77
60 78
60 79
60 80
60 81
60 82
60 83
60 84
60 85
60 86
60 87
60 88
60 89
60 90
60 91
60 92
60 93
60 94
60 95
60 96
60 97
60 98
60 99
60 100
60 101
60 102
60 103
60 104
60 105
60 106
60 107
60 108
60 109
60 110
60 111
60 112
60 113
60 114
60 115
60 116
60 117
60 118
60 119
60 120
60 121
60 122
60 123
60 124
60 125
61 66
61 67
61 68
61 69
61 70
61 71
61 72
61 73
61 74
61 75
61 76
61 77
61 78
61 79
61 80
61 81
61 82
61 83
61 84
61 85
61 86
61 87
61 88
61 89
61 90
61 91
61 92
61 93
61 94
61 95
61 96
61 97
61 98
61 99
61 100
61 101
61 102
61 103
61 104
61 105
61 106
61 107
61 108
61 109
61 110
61 111
61 112
61 113
61 114
61 115
61 116
61 117
61 118
61 119
61 120
61 121
61 122
61 123
61 124
61 125
62 66
62 67
62 68
62 69
62 70
62 71
62 72
62 73
62 74
62 75
62 76
62 77
62 78
62 79
62 80
62 81
62 82
62 83
62 84
62 85
62 86
62 87
62 88
62 89
62 90
62 91
62 92
62 93
62 94
62 95
62 96
62 97
62 98
62 99
62 100
62 101
62 102
62 103
62 104
62 105
62 106
62 107
62 108
62 109
62 110
62 111
62 112
62 113
62 114
62 115
62 116
62 117
62 118
62 119
62 120
62 121
62 122
62 123
62 124
62 125
