2 1 0 1 [1, 1]
3 1 0 1 [2, 1, 1]
4 2 2 1 [2, 2, 1, 1]
5 3 4 1 [3, 2, 1, 1, 1]
6 6 8 1 [3, 3, 1, 1, 1, 1]
7 11 12 1 [4, 3, 1, 1, 1, 1, 1]
8 23 18 1 [4, 4, 1, 1, 1, 1, 1, 1]
9 47 24 1 [5, 4, 1, 1, 1, 1, 1, 1, 1]
10 106 32 1 [5, 5, 1, 1, 1, 1, 1, 1, 1, 1]
11 235 40 1 [6, 5, 1, 1, 1, 1, 1, 1, 1, 1, 1]
12 551 50 1 [6, 6, 1, 1, 1, 1, 1, 1, 1, 1, 1, 1]
13 1301 60 1 [7, 6, 1, 1, 1, 1, 1, 1, 1, 1, 1, 1, 1]
14 3159 72 1 [7, 7, 1, 1, 1, 1, 1, 1, 1, 1, 1, 1, 1, 1]
15 7741 84 1 [8, 7, 1, 1, 1, 1, 1, 1, 1, 1, 1, 1, 1, 1, 1]
16 19320 98 1 [8, 8, 1, 1, 1, 1, 1, 1, 1, 1, 1, 1, 1, 1, 1, 1]
17 48629 112 1 [9, 8, 1, 1, 1, 1, 1, 1, 1, 1, 1, 1, 1, 1, 1, 1, 1]
