MOT("S6(3)",
[
"origin: ATLAS of finite groups, tests: 1.o.r."
],
[4585351680,622080,24192,12597120,12597120,209952,104976,17496,17496,972,
103680,2304,1152,120,155520,155520,15552,15552,3888,3888,3888,3888,2592,1296,
648,648,432,324,324,36,14,96,32,1944,1944,486,486,486,486,27,27,120,2592,2592,
432,288,288,288,288,216,144,144,144,72,36,36,13,13,14,30,30,216,216,54,54,54,
54,20,24,24,30,30,36,36],
[,[1,1,1,5,4,6,7,9,8,10,2,2,2,14,5,4,5,4,6,6,7,7,6,7,9,8,6,9,8,10,31,13,13,35,
34,37,36,39,38,41,40,14,18,17,23,16,15,18,17,24,23,23,23,24,26,25,58,57,31,61,
60,35,34,37,36,39,38,42,47,46,61,60,63,62],[1,2,3,1,1,1,1,1,1,1,11,12,13,14,2,
2,2,2,2,2,2,2,2,2,2,2,3,2,2,3,31,32,33,4,5,4,5,4,5,8,9,42,11,11,11,13,13,12,
12,11,13,12,12,12,13,13,57,58,59,14,14,17,18,17,18,17,18,68,32,32,42,42,43,
44],,[1,2,3,5,4,6,7,9,8,10,11,12,13,1,16,15,18,17,20,19,22,21,23,24,26,25,27,
29,28,30,31,32,33,35,34,37,36,39,38,41,40,2,44,43,45,47,46,49,48,50,51,53,52,
54,56,55,58,57,59,5,4,63,62,65,64,67,66,11,70,69,16,15,74,73],,[1,2,3,4,5,6,7,
8,9,10,11,12,13,14,15,16,17,18,19,20,21,22,23,24,25,26,27,28,29,30,1,32,33,34,
35,36,37,38,39,40,41,42,43,44,45,46,47,48,49,50,51,52,53,54,55,56,58,57,3,60,
61,62,63,64,65,66,67,68,69,70,71,72,73,74],,,,,,[1,2,3,4,5,6,7,8,9,10,11,12,
13,14,15,16,17,18,19,20,21,22,23,24,25,26,27,28,29,30,31,32,33,34,35,36,37,38,
39,40,41,42,43,44,45,46,47,48,49,50,51,52,53,54,55,56,1,1,59,60,61,62,63,64,
65,66,67,68,69,70,71,72,73,74]],
[[1,1,1,1,1,1,1,1,1,1,1,1,1,1,1,1,1,1,1,1,1,1,1,1,1,1,1,1,1,1,1,1,1,1,1,1,1,1,
1,1,1,1,1,1,1,1,1,1,1,1,1,1,1,1,1,1,1,1,1,1,1,1,1,1,1,1,1,1,1,1,1,1,1,1],[13,
-3,1,-4*E(3)+5*E(3)^2,5*E(3)-4*E(3)^2,-5,4,-E(3)+2*E(3)^2,2*E(3)-E(3)^2,1,5,
-3,1,-2,4*E(3)+5*E(3)^2,5*E(3)+4*E(3)^2,-3*E(3)^2,-3*E(3),-E(3)+E(3)^2,
E(3)-E(3)^2,-2*E(3)+2*E(3)^2,2*E(3)-2*E(3)^2,3,0,-E(3)-2*E(3)^2,
-2*E(3)-E(3)^2,1,E(3)+2*E(3)^2,2*E(3)+E(3)^2,1,-1,-1,-1,2*E(3)-E(3)^2,
-E(3)+2*E(3)^2,1,1,-2,-2,E(3),E(3)^2,2,-2*E(3)+E(3)^2,E(3)-2*E(3)^2,-1,E(3)^2,
E(3),2*E(3)+E(3)^2,E(3)+2*E(3)^2,2,1,-E(3)+E(3)^2,E(3)-E(3)^2,0,E(3),E(3)^2,0,
0,1,E(3),E(3)^2,-2*E(3)-E(3)^2,-E(3)-2*E(3)^2,-E(3)+E(3)^2,E(3)-E(3)^2,0,0,0,
-E(3)^2,-E(3),-E(3),-E(3)^2,-E(3)^2,-E(3)],
[GALOIS,[2,2]],[78,-2,-6,-30,-30,15,6,-3,-3,0,14,6,2,3,10,10,-2,-2,1,1,-8,-8,
7,-2,1,1,3,1,1,0,1,0,0,-3,-3,0,0,3,3,0,0,3,-4,-4,-1,2,2,0,0,2,-1,-3,-3,0,-1,
-1,0,0,1,0,0,1,1,-2,-2,1,1,-1,0,0,0,0,-1,-1],[91,11,7,26*E(3)+35*E(3)^2,
35*E(3)+26*E(3)^2,10,10,2*E(3)+5*E(3)^2,5*E(3)+2*E(3)^2,1,11,3,-1,1,
-14*E(3)-5*E(3)^2,-5*E(3)-14*E(3)^2,-2*E(3)+7*E(3)^2,7*E(3)-2*E(3)^2,-4,-4,-4,
-4,2,2,-2*E(3)+E(3)^2,E(3)-2*E(3)^2,-2,-2*E(3)+E(3)^2,E(3)-2*E(3)^2,1,0,1,1,
5*E(3)+2*E(3)^2,2*E(3)+5*E(3)^2,1,1,1,1,E(3),E(3)^2,1,4*E(3)+E(3)^2,
E(3)+4*E(3)^2,2,2*E(3)+3*E(3)^2,3*E(3)+2*E(3)^2,-3*E(3)^2,-3*E(3),2,2,0,0,0,
-E(3)^2,-E(3),0,0,0,E(3),E(3)^2,E(3)-2*E(3)^2,-2*E(3)+E(3)^2,-1,-1,-1,-1,1,
E(3)^2,E(3),E(3),E(3)^2,-E(3),-E(3)^2],
[GALOIS,[5,2]],[105,25,-7,-30,-30,6,15,-3,-3,3,5,-3,5,0,10,10,-2,-2,-8,-8,1,1,
-2,7,1,1,2,1,1,-1,0,3,-1,-3,-3,3,3,0,0,0,0,0,-4,-4,2,2,2,0,0,-1,2,0,0,-3,-1,
-1,1,1,0,0,0,1,1,1,1,-2,-2,0,0,0,0,0,-1,-1],[168,8,0,60,60,24,15,6,6,0,24,8,0,
3,20,20,8,8,2,2,11,11,8,-1,2,2,0,2,2,0,0,0,0,6,6,0,0,3,3,0,0,3,6,6,0,0,0,2,2,
3,0,2,2,-1,0,0,-1,-1,0,0,0,2,2,2,2,-1,-1,-1,0,0,0,0,0,0],[195,35,-1,60,60,15,
24,6,6,3,15,-1,3,0,20,20,8,8,11,11,2,2,-1,8,2,2,-1,2,2,-1,-1,3,-1,6,6,3,3,0,0,
0,0,0,6,6,3,0,0,2,2,0,3,-1,-1,2,0,0,0,0,-1,0,0,2,2,-1,-1,2,2,0,0,0,0,0,0,0],[
273,17,-7,-30*E(3)+51*E(3)^2,51*E(3)-30*E(3)^2,-24,3,3,3,3,25,-7,1,-2,
10*E(3)+19*E(3)^2,19*E(3)+10*E(3)^2,-2*E(3)-5*E(3)^2,-5*E(3)-2*E(3)^2,
4*E(3)-2*E(3)^2,-2*E(3)+4*E(3)^2,-5*E(3)+7*E(3)^2,7*E(3)-5*E(3)^2,8,-1,-1,-1,
2,-1,-1,-1,0,1,1,3*E(3),3*E(3)^2,3*E(3),3*E(3)^2,3*E(3),3*E(3)^2,0,0,2,
-4*E(3)-E(3)^2,-E(3)-4*E(3)^2,4,2*E(3)-E(3)^2,-E(3)+2*E(3)^2,-E(3)^2,-E(3),1,
-2,2*E(3)^2,2*E(3),-1,1,1,0,0,0,E(3)^2,E(3),-E(3),-E(3)^2,-E(3),-E(3)^2,-E(3),
-E(3)^2,0,E(3)^2,E(3),-E(3)^2,-E(3),E(3),E(3)^2],
[GALOIS,[10,2]],[455,-25,7,-95*E(3)-5*E(3)^2,-5*E(3)-95*E(3)^2,-4,23,
-11*E(3)-8*E(3)^2,-8*E(3)-11*E(3)^2,5,15,-1,-1,0,25*E(3)-5*E(3)^2,
-5*E(3)+25*E(3)^2,13*E(3)+19*E(3)^2,19*E(3)+13*E(3)^2,-2*E(3)+4*E(3)^2,
4*E(3)-2*E(3)^2,-1,-1,-4,-1,E(3)+4*E(3)^2,4*E(3)+E(3)^2,-2,E(3)-2*E(3)^2,
-2*E(3)+E(3)^2,1,0,-1,-1,-2*E(3)-8*E(3)^2,-8*E(3)-2*E(3)^2,E(3)-2*E(3)^2,
-2*E(3)+E(3)^2,E(3)-2*E(3)^2,-2*E(3)+E(3)^2,-E(3)^2,-E(3),0,-3,-3,0,
-3*E(3)-E(3)^2,-E(3)-3*E(3)^2,-E(3)+3*E(3)^2,3*E(3)-E(3)^2,3,2,2*E(3),
2*E(3)^2,-1,-E(3),-E(3)^2,0,0,0,0,0,2*E(3),2*E(3)^2,-E(3),-E(3)^2,-E(3),
-E(3)^2,0,-1,-1,0,0,0,0],
[GALOIS,[12,2]],[546,-14,14,-114*E(3)-60*E(3)^2,-60*E(3)-114*E(3)^2,15,-3,
12*E(3)+3*E(3)^2,3*E(3)+12*E(3)^2,3,26,2,-2,1,6*E(3)-20*E(3)^2,
-20*E(3)+6*E(3)^2,2*E(3)+8*E(3)^2,8*E(3)+2*E(3)^2,E(3)+3*E(3)^2,3*E(3)+E(3)^2,
-9*E(3)-5*E(3)^2,-5*E(3)-9*E(3)^2,7,1,4*E(3)+3*E(3)^2,3*E(3)+4*E(3)^2,5,
E(3)^2,E(3),-1,0,0,0,-3*E(3)^2,-3*E(3),3*E(3),3*E(3)^2,-3*E(3)+3*E(3)^2,
3*E(3)-3*E(3)^2,0,0,1,4*E(3)-2*E(3)^2,-2*E(3)+4*E(3)^2,-1,-2*E(3),-2*E(3)^2,
2*E(3)^2,2*E(3),-1,1,-3*E(3)-E(3)^2,-E(3)-3*E(3)^2,-1,E(3)^2,E(3),0,0,0,E(3),
E(3)^2,E(3)^2,E(3),E(3),E(3)^2,1,1,1,0,0,E(3),E(3)^2,-E(3)^2,-E(3)],
[GALOIS,[14,2]],[728,-8,0,64*E(3)-116*E(3)^2,-116*E(3)+64*E(3)^2,-46,17,
4*E(3)-2*E(3)^2,-2*E(3)+4*E(3)^2,-4,40,-8,0,-2,16*E(3)+36*E(3)^2,
36*E(3)+16*E(3)^2,-8,-8,-2*E(3)^2,-2*E(3),7*E(3)-9*E(3)^2,-9*E(3)+7*E(3)^2,10,
1,-2*E(3)^2,-2*E(3),0,-2*E(3),-2*E(3)^2,0,0,0,0,-5*E(3)-2*E(3)^2,
-2*E(3)-5*E(3)^2,E(3)-2*E(3)^2,-2*E(3)+E(3)^2,4*E(3)+E(3)^2,E(3)+4*E(3)^2,
-E(3)^2,-E(3),2,8*E(3)+2*E(3)^2,2*E(3)+8*E(3)^2,-2,0,0,-2*E(3)^2,-2*E(3),1,0,
-2*E(3)^2,-2*E(3),1,0,0,0,0,0,1,1,-E(3)+2*E(3)^2,2*E(3)-E(3)^2,E(3),E(3)^2,
E(3)^2,E(3),0,0,0,-1,-1,E(3),E(3)^2],
[GALOIS,[16,2]],[819,99,7,9,9,-18,36,9,9,9,-21,3,7,-1,9,9,9,9,0,0,0,0,6,12,-3,
-3,-2,3,3,1,0,1,1,0,0,0,0,0,0,0,0,-1,-3,-3,-6,1,1,-3,-3,0,-2,0,0,0,1,1,0,0,0,
-1,-1,0,0,0,0,0,0,-1,1,1,-1,-1,0,0],[1170,-30,6,180*E(3)-90*E(3)^2,
-90*E(3)+180*E(3)^2,-45,36,9*E(3),9*E(3)^2,0,50,-6,-2,0,60*E(3)+30*E(3)^2,
30*E(3)+60*E(3)^2,-24*E(3)-6*E(3)^2,-6*E(3)-24*E(3)^2,3*E(3)-3*E(3)^2,
-3*E(3)+3*E(3)^2,6*E(3)-6*E(3)^2,-6*E(3)+6*E(3)^2,3,0,-3*E(3),-3*E(3)^2,-3,
3*E(3),3*E(3)^2,0,1,0,0,9*E(3)^2,9*E(3),0,0,0,0,0,0,0,-2*E(3)-8*E(3)^2,
-8*E(3)-2*E(3)^2,-1,-2*E(3)^2,-2*E(3),2*E(3)+4*E(3)^2,4*E(3)+2*E(3)^2,2,1,
-E(3)+E(3)^2,E(3)-E(3)^2,0,E(3),E(3)^2,0,0,-1,0,0,-3*E(3)^2,-3*E(3),0,0,0,0,0,
0,0,0,0,-E(3)^2,-E(3)],
[GALOIS,[19,2]],[1365,-75,-7,-150*E(3)+120*E(3)^2,120*E(3)-150*E(3)^2,-30,60,
-6*E(3)+3*E(3)^2,3*E(3)-6*E(3)^2,3,25,9,5,0,50*E(3)+40*E(3)^2,
40*E(3)+50*E(3)^2,6*E(3),6*E(3)^2,-8*E(3)+8*E(3)^2,8*E(3)-8*E(3)^2,
2*E(3)-2*E(3)^2,-2*E(3)+2*E(3)^2,-6,0,-2*E(3)-E(3)^2,-E(3)-2*E(3)^2,2,
2*E(3)+E(3)^2,E(3)+2*E(3)^2,-1,0,-3,1,3*E(3)-6*E(3)^2,-6*E(3)+3*E(3)^2,3,3,0,
0,0,0,0,-4*E(3)+8*E(3)^2,8*E(3)-4*E(3)^2,-2,2*E(3),2*E(3)^2,0,0,-2,2,0,0,0,
-E(3)^2,-E(3),0,0,0,0,0,-E(3)-2*E(3)^2,-2*E(3)-E(3)^2,E(3)-E(3)^2,
-E(3)+E(3)^2,0,0,0,0,0,0,0,E(3),E(3)^2],
[GALOIS,[21,2]],[1365,85,21,-150*E(3)-15*E(3)^2,-15*E(3)-150*E(3)^2,-21,24,
3*E(3)+21*E(3)^2,21*E(3)+3*E(3)^2,0,5,5,5,0,10*E(3)-15*E(3)^2,
-15*E(3)+10*E(3)^2,2*E(3)+17*E(3)^2,17*E(3)+2*E(3)^2,-3*E(3)-11*E(3)^2,
-11*E(3)-3*E(3)^2,4*E(3),4*E(3)^2,-5,4,3*E(3)+E(3)^2,E(3)+3*E(3)^2,3,
E(3)+3*E(3)^2,3*E(3)+E(3)^2,0,0,1,1,-3*E(3)^2,-3*E(3),-3*E(3)+3*E(3)^2,
3*E(3)-3*E(3)^2,3*E(3),3*E(3)^2,0,0,0,-2*E(3)+E(3)^2,E(3)-2*E(3)^2,-1,
-2*E(3)+E(3)^2,E(3)-2*E(3)^2,-2*E(3)+E(3)^2,E(3)-2*E(3)^2,2,-1,-1,-1,2,-1,-1,
0,0,0,0,0,E(3)^2,E(3),1,1,E(3),E(3)^2,0,E(3)^2,E(3),0,0,-E(3)^2,-E(3)],
[GALOIS,[23,2]],[1365,5,-7,255*E(3)+120*E(3)^2,120*E(3)+255*E(3)^2,24,6,
-6*E(3)+3*E(3)^2,3*E(3)-6*E(3)^2,3,45,5,-7,0,15*E(3)-40*E(3)^2,
-40*E(3)+15*E(3)^2,7*E(3)-8*E(3)^2,-8*E(3)+7*E(3)^2,2*E(3),2*E(3)^2,
12*E(3)+8*E(3)^2,8*E(3)+12*E(3)^2,8,2,2*E(3)+3*E(3)^2,3*E(3)+2*E(3)^2,2,
-E(3)^2,-E(3),-1,0,-1,-1,6*E(3)^2,6*E(3),3*E(3),3*E(3)^2,-3*E(3)+3*E(3)^2,
3*E(3)-3*E(3)^2,0,0,0,-9*E(3),-9*E(3)^2,0,-E(3),-E(3)^2,-E(3),-E(3)^2,0,2,
2*E(3),2*E(3)^2,2,-E(3)^2,-E(3),0,0,0,0,0,2*E(3)^2,2*E(3),-E(3),-E(3)^2,-1,-1,
0,-E(3),-E(3)^2,0,0,0,0],
[GALOIS,[25,2]],[1820,60,28,200,200,65,11,11,11,-7,20,4,4,0,0,0,-12,-12,9,9,9,
9,9,3,3,3,1,-3,-3,1,0,0,0,-7,-7,2,2,2,2,-1,-1,0,2,2,5,4,4,-2,-2,-1,1,1,1,1,1,
1,0,0,0,0,0,-3,-3,0,0,0,0,0,0,0,0,0,-1,-1],[1820,60,28,-20*E(3)+160*E(3)^2,
160*E(3)-20*E(3)^2,29,-7,13*E(3)-8*E(3)^2,-8*E(3)+13*E(3)^2,5,20,4,4,0,
20*E(3)+40*E(3)^2,40*E(3)+20*E(3)^2,-12*E(3)^2,-12*E(3),7*E(3)-E(3)^2,
-E(3)+7*E(3)^2,5*E(3)+E(3)^2,E(3)+5*E(3)^2,-3,-3,E(3)-4*E(3)^2,-4*E(3)+E(3)^2,
1,-E(3)-2*E(3)^2,-2*E(3)-E(3)^2,1,0,0,0,E(3)-5*E(3)^2,-5*E(3)+E(3)^2,-4,-4,-1,
-1,-E(3),-E(3)^2,0,2,2,5,4*E(3)^2,4*E(3),-2,-2,-1,1,1,1,1,E(3),E(3)^2,0,0,0,0,
0,E(3)-E(3)^2,-E(3)+E(3)^2,0,0,-E(3)+E(3)^2,E(3)-E(3)^2,0,0,0,0,0,-1,-1],
[GALOIS,[28,2]],[2106,-54,6,-324,-324,81,0,0,0,0,66,10,6,1,36,36,0,0,9,9,-18,
-18,9,0,0,0,-3,0,0,0,-1,0,0,0,0,0,0,0,0,0,0,1,-6,-6,-3,0,0,-2,-2,0,-3,1,1,-2,
0,0,0,0,-1,1,1,0,0,0,0,0,0,1,0,0,1,1,0,0],[2184,104,0,300*E(3)+84*E(3)^2,
84*E(3)+300*E(3)^2,-12,33,12*E(3)-6*E(3)^2,-6*E(3)+12*E(3)^2,0,24,8,0,-1,
20*E(3)-36*E(3)^2,-36*E(3)+20*E(3)^2,16*E(3)-8*E(3)^2,-8*E(3)+16*E(3)^2,
6*E(3)+14*E(3)^2,14*E(3)+6*E(3)^2,-E(3)+3*E(3)^2,3*E(3)-E(3)^2,-4,5,2*E(3)^2,
2*E(3),0,2*E(3),2*E(3)^2,0,0,0,0,6*E(3)^2,6*E(3),-3*E(3)+3*E(3)^2,
3*E(3)-3*E(3)^2,3*E(3),3*E(3)^2,0,0,-1,6,6,0,0,0,2,2,3,0,2,2,-1,0,0,0,0,0,
-E(3)^2,-E(3),2*E(3)^2,2*E(3),-1,-1,-E(3),-E(3)^2,-1,0,0,-E(3)^2,-E(3),0,0],
[GALOIS,[31,2]],[2457,57,21,270,270,27,27,27,27,0,21,5,-7,-3,30,30,30,30,3,3,
3,3,3,3,3,3,3,3,3,0,0,-3,1,0,0,0,0,0,0,0,0,-3,-6,-6,3,2,2,2,2,3,-1,-1,-1,-1,
-1,-1,0,0,0,0,0,0,0,0,0,0,0,1,0,0,0,0,0,0],[2457,-87,21,135*E(3)+54*E(3)^2,
54*E(3)+135*E(3)^2,27,27,27*E(3),27*E(3)^2,0,-15,-7,5,2,15*E(3)+6*E(3)^2,
6*E(3)+15*E(3)^2,-21*E(3)+6*E(3)^2,6*E(3)-21*E(3)^2,3,3,3,3,3,3,3*E(3),
3*E(3)^2,3,3*E(3),3*E(3)^2,0,0,-1,-1,0,0,0,0,0,0,0,0,-2,-3*E(3)+6*E(3)^2,
6*E(3)-3*E(3)^2,3,3*E(3)+2*E(3)^2,2*E(3)+3*E(3)^2,E(3)-2*E(3)^2,
-2*E(3)+E(3)^2,3,-1,-1,-1,-1,-E(3),-E(3)^2,0,0,0,-E(3)^2,-E(3),0,0,0,0,0,0,0,
-E(3),-E(3)^2,E(3)^2,E(3),0,0],
[GALOIS,[34,2]],[2730,-70,14,300,300,57,57,30,30,3,10,-14,6,0,20,20,-16,-16,
-7,-7,-7,-7,-7,-7,2,2,5,2,2,-1,0,0,0,3,3,3,3,3,3,0,0,0,10,10,1,0,0,-2,-2,1,-3,
1,1,1,0,0,0,0,0,0,0,-1,-1,-1,-1,-1,-1,0,0,0,0,0,1,1],[2835,-45,-21,405,405,81,
0,0,0,0,75,11,3,0,45,45,9,9,-9,-9,18,18,9,0,0,0,-3,0,0,0,0,-1,-1,0,0,0,0,0,0,
0,0,0,3,3,-3,-3,-3,-1,-1,0,-3,-1,-1,2,0,0,1,1,0,0,0,0,0,0,0,0,0,0,-1,-1,0,0,0,
0],[3640,-40,0,500*E(3)+320*E(3)^2,320*E(3)+500*E(3)^2,22,49,8*E(3)+2*E(3)^2,
2*E(3)+8*E(3)^2,4,40,-8,0,0,-20*E(3)-80*E(3)^2,-80*E(3)-20*E(3)^2,
16*E(3)-8*E(3)^2,-8*E(3)+16*E(3)^2,-2*E(3)-8*E(3)^2,-8*E(3)-2*E(3)^2,5,5,-10,
-7,4*E(3)-2*E(3)^2,-2*E(3)+4*E(3)^2,0,2,2,0,0,0,0,8*E(3)+11*E(3)^2,
11*E(3)+8*E(3)^2,2*E(3)-E(3)^2,-E(3)+2*E(3)^2,2*E(3)-E(3)^2,-E(3)+2*E(3)^2,
E(3),E(3)^2,0,2*E(3)+8*E(3)^2,8*E(3)+2*E(3)^2,-2,0,0,-2*E(3),-2*E(3)^2,1,0,
-2*E(3),-2*E(3)^2,1,0,0,0,0,0,0,0,-E(3)^2,-E(3),-E(3)^2,-E(3),-E(3)^2,-E(3),0,
0,0,0,0,E(3)^2,E(3)],
[GALOIS,[38,2]],[4095,15,-21,-315*E(3)-585*E(3)^2,-585*E(3)-315*E(3)^2,45,45,
-9*E(3)^2,-9*E(3),0,55,-1,-5,0,-75*E(3)+15*E(3)^2,15*E(3)-75*E(3)^2,
21*E(3)+3*E(3)^2,3*E(3)+21*E(3)^2,3,3,3,3,-3,-3,3*E(3)^2,3*E(3),-3,3*E(3)^2,
3*E(3),0,0,1,1,-9*E(3),-9*E(3)^2,0,0,0,0,0,0,0,-7*E(3)+5*E(3)^2,
5*E(3)-7*E(3)^2,1,E(3)+3*E(3)^2,3*E(3)+E(3)^2,-1,-1,1,1,-1,-1,-1,E(3)^2,E(3),
0,0,0,0,0,3*E(3),3*E(3)^2,0,0,0,0,0,1,1,0,0,E(3),E(3)^2],
[GALOIS,[40,2]],[4536,216,0,-324,-324,0,81,0,0,0,-24,-8,0,1,36,36,0,0,-18,-18,
9,9,0,9,0,0,0,0,0,0,0,0,0,0,0,0,0,0,0,0,0,1,-6,-6,0,0,0,-2,-2,-3,0,-2,-2,1,0,
0,-1,-1,0,1,1,0,0,0,0,0,0,1,0,0,1,1,0,0],[5265,225,-27,405,405,0,81,0,0,0,-15,
-7,-3,0,45,45,9,9,18,18,-9,-9,0,9,0,0,0,0,0,0,1,-1,-1,0,0,0,0,0,0,0,0,0,3,3,0,
-3,-3,-1,-1,-3,0,2,2,-1,0,0,0,0,1,0,0,0,0,0,0,0,0,0,-1,-1,0,0,0,0],[5460,180,
-28,60,60,123,-3,6,6,3,-20,-4,12,0,-60,-60,0,0,3,3,3,3,3,-3,6,6,-1,0,0,-1,0,0,
0,-3,-3,-6,-6,0,0,0,0,0,-2,-2,-5,0,0,2,2,1,3,-1,-1,-1,0,0,0,0,0,0,0,-3,-3,0,0,
0,0,0,0,0,0,0,1,1],[5460,20,28,600,600,33,33,-21,-21,-3,60,-4,4,0,80,80,20,20,
-1,-1,-1,-1,-7,-7,-1,-1,1,-1,-1,1,0,0,0,6,6,-3,-3,-3,-3,0,0,0,6,6,-3,4,4,2,2,
-3,1,-1,-1,-1,1,1,0,0,0,0,0,2,2,-1,-1,-1,-1,0,0,0,0,0,0,0],[5460,20,28,
480*E(3)-60*E(3)^2,-60*E(3)+480*E(3)^2,-75,-21,-24*E(3)-15*E(3)^2,
-15*E(3)-24*E(3)^2,-3,60,-4,4,0,40*E(3)-20*E(3)^2,-20*E(3)+40*E(3)^2,
4*E(3)-8*E(3)^2,-8*E(3)+4*E(3)^2,-1,-1,7*E(3)-5*E(3)^2,-5*E(3)+7*E(3)^2,5,-1,
4*E(3)+E(3)^2,E(3)+4*E(3)^2,1,-2*E(3)+E(3)^2,E(3)-2*E(3)^2,1,0,0,0,6*E(3),
6*E(3)^2,-3*E(3),-3*E(3)^2,-3*E(3),-3*E(3)^2,0,0,0,6,6,-3,4*E(3),4*E(3)^2,2,2,
-3,1,-1,-1,-1,E(3)^2,E(3),0,0,0,0,0,2*E(3),2*E(3)^2,-E(3),-E(3)^2,-E(3),
-E(3)^2,0,0,0,0,0,0,0],
[GALOIS,[46,2]],[5824,64,0,-656,-656,100,46,-8,-8,-8,64,0,0,-1,64,64,-8,-8,-8,
-8,-8,-8,4,-2,4,4,0,-2,-2,0,0,0,0,1,1,1,1,1,1,1,1,-1,-8,-8,4,0,0,0,0,-2,0,0,0,
0,0,0,0,0,0,-1,-1,1,1,1,1,1,1,-1,0,0,-1,-1,1,1],[5824,64,0,-496*E(3)+80*E(3)^2
 ,80*E(3)-496*E(3)^2,-44,-26,20*E(3)-4*E(3)^2,-4*E(3)+20*E(3)^2,4,64,0,0,-1,
64*E(3),64*E(3)^2,-8,-8,-8*E(3)^2,-8*E(3),-8*E(3),-8*E(3)^2,4,-2,4*E(3)^2,
4*E(3),0,-2*E(3),-2*E(3)^2,0,0,0,0,1,1,-E(3)+2*E(3)^2,2*E(3)-E(3)^2,
-4*E(3)-E(3)^2,-E(3)-4*E(3)^2,E(3),E(3)^2,-1,-8,-8,4,0,0,0,0,-2,0,0,0,0,0,0,0,
0,0,-E(3),-E(3)^2,1,1,E(3),E(3)^2,E(3)^2,E(3),-1,0,0,-E(3),-E(3)^2,1,1],
[GALOIS,[49,2]],[6552,-72,0,36*E(3)-504*E(3)^2,-504*E(3)+36*E(3)^2,-90,-9,
18*E(3),18*E(3)^2,0,40,-8,0,2,-36*E(3)+24*E(3)^2,24*E(3)-36*E(3)^2,0,0,6*E(3),
6*E(3)^2,9*E(3)-3*E(3)^2,-3*E(3)+9*E(3)^2,6,3,-6*E(3),-6*E(3)^2,0,0,0,0,0,0,0,
-9*E(3)^2,-9*E(3),0,0,0,0,0,0,-2,2*E(3)+8*E(3)^2,8*E(3)+2*E(3)^2,-2,0,0,
-2*E(3),-2*E(3)^2,1,0,-2*E(3),-2*E(3)^2,1,0,0,0,0,0,-1,-1,3*E(3)^2,3*E(3),0,0,
0,0,0,0,0,1,1,E(3)^2,E(3)],
[GALOIS,[51,2]],[7371,171,-21,-324*E(3)+405*E(3)^2,405*E(3)-324*E(3)^2,-81,0,
0,0,0,51,3,3,1,36*E(3)+45*E(3)^2,45*E(3)+36*E(3)^2,9*E(3)^2,9*E(3),
9*E(3)-9*E(3)^2,-9*E(3)+9*E(3)^2,0,0,-9,0,0,0,-3,0,0,0,0,-1,-1,0,0,0,0,0,0,0,
0,1,-6*E(3)+3*E(3)^2,3*E(3)-6*E(3)^2,3,-3*E(3)^2,-3*E(3),-2*E(3)-E(3)^2,
-E(3)-2*E(3)^2,0,-3,E(3)-E(3)^2,-E(3)+E(3)^2,0,0,0,0,0,0,E(3),E(3)^2,0,0,0,0,
0,0,1,-E(3)^2,-E(3),E(3),E(3)^2,0,0],
[GALOIS,[53,2]],[8190,-210,-14,90,90,63,117,9,9,9,-90,-2,2,0,-30,-30,6,6,-3,
-3,-3,-3,15,-3,-3,-3,-5,-3,-3,1,0,0,0,0,0,0,0,0,0,0,0,0,0,0,3,2,2,4,4,-3,-1,1,
1,1,-1,-1,0,0,0,0,0,0,0,0,0,0,0,0,0,0,0,0,0,0],[9477,-27,-27,729*E(3),
729*E(3)^2,0,0,0,0,0,45,-3,-3,2,81*E(3),81*E(3)^2,-27*E(3),-27*E(3)^2,0,0,0,0,
0,0,0,0,0,0,0,0,-1,1,1,0,0,0,0,0,0,0,0,-2,-9*E(3),-9*E(3)^2,0,-3*E(3),
-3*E(3)^2,3*E(3),3*E(3)^2,0,0,0,0,0,0,0,0,0,1,-E(3),-E(3)^2,0,0,0,0,0,0,0,
E(3),E(3)^2,E(3),E(3)^2,0,0],
[GALOIS,[56,2]],[10920,-120,0,420*E(3)-120*E(3)^2,-120*E(3)+420*E(3)^2,-114,
57,24*E(3)+6*E(3)^2,6*E(3)+24*E(3)^2,0,-40,8,0,0,-20*E(3)-40*E(3)^2,
-40*E(3)-20*E(3)^2,24*E(3),24*E(3)^2,2*E(3)-8*E(3)^2,-8*E(3)+2*E(3)^2,
-5*E(3)-E(3)^2,-E(3)-5*E(3)^2,6,-3,-4*E(3)-2*E(3)^2,-2*E(3)-4*E(3)^2,0,
-2*E(3)-4*E(3)^2,-4*E(3)-2*E(3)^2,0,0,0,0,6*E(3)-3*E(3)^2,-3*E(3)+6*E(3)^2,0,
0,-3,-3,0,0,0,-2*E(3)-8*E(3)^2,-8*E(3)-2*E(3)^2,2,0,0,2*E(3),2*E(3)^2,-1,0,
2*E(3),2*E(3)^2,-1,0,0,0,0,0,0,0,2*E(3)+E(3)^2,E(3)+2*E(3)^2,0,0,E(3)-E(3)^2,
-E(3)+E(3)^2,0,0,0,0,0,-E(3)^2,-E(3)],
[GALOIS,[58,2]],[11648,-128,0,416,416,-88,-52,-16,-16,8,0,0,0,-2,64,64,16,16,
-8,-8,-8,-8,-8,4,4,4,0,-2,-2,0,0,0,0,2,2,-1,-1,5,5,-1,-1,2,0,0,0,0,0,0,0,0,0,
0,0,0,0,0,0,0,0,1,1,-2,-2,1,1,1,1,0,0,0,-1,-1,0,0],[11648,-128,0,
160*E(3)+736*E(3)^2,736*E(3)+160*E(3)^2,56,20,28*E(3)+4*E(3)^2,
4*E(3)+28*E(3)^2,-4,0,0,0,-2,64*E(3)^2,64*E(3),16,16,-8*E(3),-8*E(3)^2,
-8*E(3)^2,-8*E(3),-8,4,4*E(3),4*E(3)^2,0,-2*E(3)^2,-2*E(3),0,0,0,0,2,2,
-2*E(3)+E(3)^2,E(3)-2*E(3)^2,-5*E(3)-2*E(3)^2,-2*E(3)-5*E(3)^2,-E(3)^2,-E(3),
2,0,0,0,0,0,0,0,0,0,0,0,0,0,0,0,0,0,E(3)^2,E(3),-2,-2,E(3)^2,E(3),E(3),E(3)^2,
0,0,0,-E(3)^2,-E(3),0,0],
[GALOIS,[61,2]],[12285,45,21,270*E(3)-540*E(3)^2,-540*E(3)+270*E(3)^2,-27,54,
-27*E(3)^2,-27*E(3),0,-15,9,-7,0,30*E(3)+60*E(3)^2,60*E(3)+30*E(3)^2,-18*E(3),
-18*E(3)^2,-3*E(3)+3*E(3)^2,3*E(3)-3*E(3)^2,-6*E(3)+6*E(3)^2,6*E(3)-6*E(3)^2,
-3,-6,-3*E(3)^2,-3*E(3),3,3*E(3)^2,3*E(3),0,0,3,-1,0,0,0,0,0,0,0,0,0,-6,-6,-3,
2*E(3),2*E(3)^2,-2*E(3)+2*E(3)^2,2*E(3)-2*E(3)^2,0,-1,E(3)-E(3)^2,
-E(3)+E(3)^2,0,-E(3)^2,-E(3),0,0,0,0,0,0,0,0,0,0,0,0,0,0,0,0,0,0],
[GALOIS,[63,2]],[14560,-160,0,-560,-560,-92,-56,34,34,4,0,0,0,0,80,80,-16,-16,
8,8,8,8,-4,8,2,2,0,-4,-4,0,0,0,0,-2,-2,-5,-5,1,1,1,1,0,0,0,0,0,0,0,0,0,0,0,0,
0,0,0,0,0,0,0,0,2,2,-1,-1,-1,-1,0,0,0,0,0,0,0],[14560,-160,0,
-160*E(3)-880*E(3)^2,-880*E(3)-160*E(3)^2,52,16,-22*E(3)+8*E(3)^2,
8*E(3)-22*E(3)^2,-8,0,0,0,0,80*E(3)^2,80*E(3),-16,-16,8*E(3),8*E(3)^2,
8*E(3)^2,8*E(3),-4,8,2*E(3),2*E(3)^2,0,-4*E(3)^2,-4*E(3),0,0,0,0,-2,-2,
2*E(3)+5*E(3)^2,5*E(3)+2*E(3)^2,-E(3)+2*E(3)^2,2*E(3)-E(3)^2,E(3),E(3)^2,0,0,
0,0,0,0,0,0,0,0,0,0,0,0,0,0,0,0,0,0,2,2,-E(3)^2,-E(3),-E(3),-E(3)^2,0,0,0,0,0,
0,0],
[GALOIS,[66,2]],[16380,60,-28,180,180,-117,-9,18,18,-9,-60,4,12,0,60,60,24,24,
-3,-3,-3,-3,3,-9,-6,-6,-1,0,0,-1,0,0,0,0,0,0,0,0,0,0,0,0,-6,-6,3,0,0,-2,-2,3,
3,1,1,1,0,0,0,0,0,0,0,0,0,0,0,0,0,0,0,0,0,0,0,0],[16640,0,-64,-640,-640,80,
-64,8,8,2,0,0,0,0,0,0,0,0,0,0,0,0,0,0,0,0,8,0,0,2,1,0,0,8,8,2,2,-4,-4,-1,-1,0,
0,0,0,0,0,0,0,0,0,0,0,0,0,0,0,0,-1,0,0,0,0,0,0,0,0,0,0,0,0,0,0,0],[16640,0,64,
-640,-640,80,-64,8,8,2,0,0,0,0,0,0,0,0,0,0,0,0,0,0,0,0,-8,0,0,-2,1,0,0,8,8,2,
2,-4,-4,-1,-1,0,0,0,0,0,0,0,0,0,0,0,0,0,0,0,0,0,1,0,0,0,0,0,0,0,0,0,0,0,0,0,0,
0],[17472,192,0,-240,-240,12,-6,-24,-24,0,-64,0,0,-3,0,0,-24,-24,0,0,0,0,12,
-6,0,0,0,0,0,0,0,0,0,3,3,0,0,6,6,0,0,-3,8,8,-4,0,0,0,0,2,0,0,0,0,0,0,0,0,0,0,
0,3,3,0,0,0,0,1,0,0,0,0,-1,-1],[17920,0,0,640,640,64,-80,-8,-8,4,0,0,0,0,0,0,
0,0,0,0,0,0,0,0,0,0,0,0,0,0,0,0,0,-8,-8,4,4,-2,-2,1,1,0,0,0,0,0,0,0,0,0,0,0,0,
0,0,0,E(13)+E(13)^3+E(13)^4+E(13)^9+E(13)^10+E(13)^12,E(13)^2+E(13)^5+E(13)^6
 +E(13)^7+E(13)^8+E(13)^11,0,0,0,0,0,0,0,0,0,0,0,0,0,0,0,0],
[GALOIS,[72,2]],[19683,243,27,0,0,0,0,0,0,0,-81,-9,-9,3,0,0,0,0,0,0,0,0,0,0,0,
0,0,0,0,0,-1,-3,1,0,0,0,0,0,0,0,0,3,0,0,0,0,0,0,0,0,0,0,0,0,0,0,1,1,-1,0,0,0,
0,0,0,0,0,-1,0,0,0,0,0,0]],
[(57,58),( 4, 5)( 8, 9)(15,16)(17,18)(19,20)(21,22)(25,26)(28,29)(34,35)
(36,37)(38,39)(40,41)(43,44)(46,47)(48,49)(52,53)(55,56)(60,61)(62,63)(64,65)
(66,67)(69,70)(71,72)(73,74)]);
ARC("S6(3)","CAS",[rec(name:="s6f3",
permchars:=( 2, 3)( 5, 6)(10,11)(12,13)(14,15)(21,26,24)(22,25,23)(28,29)
(49,50)(53,54)(61,62)(69,70),
permclasses:=(17,18)(19,21)(20,22)(25,26)(36,37)(38,39)(40,41)(48,49)(55,56)
(60,61)(69,70)(73,74),
text:=[
"names:=s6f3; psp6[3]\n",
"  order: 2^9.3^9.5.7.13 = 4,585,351,680\n",
"  number of classes: 74\n",
"  source: generated by cas-algorithms\n",
"          from s6f3a using modulo-command\n",
"  test: 1. o.r., sym 2 decompose correctly\n",
"  comments: - \n",
""])]);
ARC("S6(3)","projectives",["2.S6(3)",[[14,-6,0,-5*E(3)+4*E(3)^2,
4*E(3)-5*E(3)^2,-4,5,-2*E(3)+E(3)^2,E(3)-2*E(3)^2,2,4,0,2,-1,5*E(3)+4*E(3)^2,
4*E(3)+5*E(3)^2,3*E(3),3*E(3)^2,-2*E(3)+2*E(3)^2,2*E(3)-2*E(3)^2,-E(3)+E(3)^2,
E(3)-E(3)^2,0,-3,-2*E(3)-E(3)^2,-E(3)-2*E(3)^2,0,2*E(3)+E(3)^2,E(3)+2*E(3)^2,
0,0,-2,0,E(3)-2*E(3)^2,-2*E(3)+E(3)^2,2,2,-1,-1,-E(3)^2,-E(3),-1,
-E(3)+2*E(3)^2,2*E(3)-E(3)^2,-2,-E(3),-E(3)^2,E(3)+2*E(3)^2,2*E(3)+E(3)^2,1,2,
0,0,-E(3)+E(3)^2,-E(3)^2,-E(3),1,1,0,-E(3)^2,-E(3),E(3)+2*E(3)^2,
2*E(3)+E(3)^2,0,0,-E(3)+E(3)^2,E(3)-E(3)^2,-1,E(3),E(3)^2,-E(3)^2,-E(3),E(3),
E(3)^2],
[GALOIS,[1,2]],[182,18,0,-61,-61,20,20,-7,-7,2,20,0,2,2,21,21,-9,-9,-6,-6,-6,
-6,0,0,3,3,0,3,3,0,0,2,0,-7,-7,2,2,2,2,-1,-1,-2,-7,-7,2,-1,-1,3,3,2,2,0,0,0,
-1,-1,0,0,0,-1,-1,-3,-3,0,0,0,0,0,-1,-1,1,1,-1,-1],[182,18,0,
-65*E(3)-56*E(3)^2,-56*E(3)-65*E(3)^2,20,20,-8*E(3)-5*E(3)^2,-5*E(3)-8*E(3)^2,
2,20,0,2,2,-15*E(3)-24*E(3)^2,-24*E(3)-15*E(3)^2,-9*E(3),-9*E(3)^2,6,6,6,6,0,
0,-3*E(3)^2,-3*E(3),0,-3*E(3)^2,-3*E(3),0,0,2,0,-5*E(3)-8*E(3)^2,
-8*E(3)-5*E(3)^2,2,2,2,2,-E(3)^2,-E(3),-2,-5*E(3)-8*E(3)^2,-8*E(3)-5*E(3)^2,2,
-E(3),-E(3)^2,-3*E(3),-3*E(3)^2,2,2,0,0,0,-E(3)^2,-E(3),0,0,0,-E(3)^2,-E(3),
3*E(3),3*E(3)^2,0,0,0,0,0,-E(3),-E(3)^2,E(3)^2,E(3),-E(3),-E(3)^2],
[GALOIS,[4,2]],[364,4,0,86*E(3)-4*E(3)^2,-4*E(3)+86*E(3)^2,-14,13,
2*E(3)-E(3)^2,-E(3)+2*E(3)^2,4,24,0,-4,-1,26*E(3)-4*E(3)^2,-4*E(3)+26*E(3)^2,
-10*E(3)-16*E(3)^2,-16*E(3)-10*E(3)^2,-2,-2,5*E(3)-E(3)^2,-E(3)+5*E(3)^2,-2,1,
2*E(3)+5*E(3)^2,5*E(3)+2*E(3)^2,0,2*E(3)-E(3)^2,-E(3)+2*E(3)^2,0,0,0,0,
2*E(3)+8*E(3)^2,8*E(3)+2*E(3)^2,-E(3)+2*E(3)^2,2*E(3)-E(3)^2,-E(3)+2*E(3)^2,
2*E(3)-E(3)^2,E(3)^2,E(3),-1,6,6,0,2*E(3),2*E(3)^2,-2*E(3)+2*E(3)^2,
2*E(3)-2*E(3)^2,3,2,0,0,-E(3)+E(3)^2,-E(3)^2,-E(3),0,0,0,-1,-1,-2*E(3),
-2*E(3)^2,E(3),E(3)^2,E(3),E(3)^2,-1,0,0,-1,-1,0,0],
[GALOIS,[6,2]],[520,-40,0,-20,-20,-38,-2,7,7,4,0,0,8,0,20,20,-4,-4,2,2,2,2,
-10,2,5,5,0,-1,-1,0,2,0,0,-2,-2,-5,-5,1,1,1,1,0,0,0,0,-4,-4,0,0,0,2,0,0,0,-1,
-1,0,0,0,0,0,2,2,-1,-1,-1,-1,0,0,0,0,0,0,0],[546,-74,0,21*E(3)-60*E(3)^2,
-60*E(3)+21*E(3)^2,6,33,6,6,6,-4,0,6,1,11*E(3)+20*E(3)^2,20*E(3)+11*E(3)^2,
5*E(3)+8*E(3)^2,8*E(3)+5*E(3)^2,8*E(3)-4*E(3)^2,-4*E(3)+8*E(3)^2,
-E(3)+5*E(3)^2,5*E(3)-E(3)^2,-2,-11,-2,-2,0,-2,-2,0,0,-2,0,-3*E(3),-3*E(3)^2,
-3*E(3),-3*E(3)^2,-3*E(3),-3*E(3)^2,0,0,1,E(3)-2*E(3)^2,-2*E(3)+E(3)^2,2,
-3*E(3),-3*E(3)^2,-E(3)-2*E(3)^2,-2*E(3)-E(3)^2,-1,0,0,0,E(3)-E(3)^2,0,0,0,0,
0,E(3),E(3)^2,E(3),E(3)^2,E(3),E(3)^2,E(3),E(3)^2,1,E(3),E(3)^2,E(3),E(3)^2,
-E(3),-E(3)^2],
[GALOIS,[9,2]],[910,-70,0,125*E(3)-55*E(3)^2,-55*E(3)+125*E(3)^2,-26,37,
11*E(3)+5*E(3)^2,5*E(3)+11*E(3)^2,-2,20,0,2,0,35*E(3)+15*E(3)^2,
15*E(3)+35*E(3)^2,11,11,6*E(3)-10*E(3)^2,-10*E(3)+6*E(3)^2,-E(3)-3*E(3)^2,
-3*E(3)-E(3)^2,2,-7,-3*E(3)-E(3)^2,-E(3)-3*E(3)^2,0,-E(3)-3*E(3)^2,
-3*E(3)-E(3)^2,0,0,-2,0,2*E(3)+5*E(3)^2,5*E(3)+2*E(3)^2,-E(3)-4*E(3)^2,
-4*E(3)-E(3)^2,2*E(3)-E(3)^2,-E(3)+2*E(3)^2,E(3),E(3)^2,0,E(3)-5*E(3)^2,
-5*E(3)+E(3)^2,-4,-1,-1,-E(3)+E(3)^2,E(3)-E(3)^2,-1,2,0,0,E(3)-E(3)^2,-1,-1,0,
0,0,0,0,-2*E(3)+E(3)^2,E(3)-2*E(3)^2,-E(3),-E(3)^2,-E(3)^2,-E(3),0,1,1,0,0,
-E(3)^2,-E(3)],
[GALOIS,[11,2]],[1092,-52,0,174,174,30,-6,-15,-15,6,40,0,4,2,26,26,2,2,-10,
-10,8,8,2,2,-1,-1,0,-1,-1,0,0,0,0,3,3,-3,-3,0,0,0,0,-2,4,4,-8,-2,-2,0,0,-2,-2,
0,0,0,1,1,0,0,0,-1,-1,-1,-1,-1,-1,2,2,0,0,0,1,1,1,1],[1092,12,0,
150*E(3)-120*E(3)^2,-120*E(3)+150*E(3)^2,-60,30,6*E(3)-3*E(3)^2,
-3*E(3)+6*E(3)^2,0,56,0,4,-3,50*E(3)+40*E(3)^2,40*E(3)+50*E(3)^2,-6*E(3),
-6*E(3)^2,-2*E(3)+2*E(3)^2,2*E(3)-2*E(3)^2,8*E(3)-8*E(3)^2,-8*E(3)+8*E(3)^2,0,
6,-2*E(3)-E(3)^2,-E(3)-2*E(3)^2,0,2*E(3)+E(3)^2,E(3)+2*E(3)^2,0,0,0,0,
-3*E(3)+6*E(3)^2,6*E(3)-3*E(3)^2,0,0,-3,-3,0,0,-3,4*E(3)-8*E(3)^2,
-8*E(3)+4*E(3)^2,2,-2*E(3),-2*E(3)^2,0,0,2,-2,0,0,0,E(3)^2,E(3),0,0,0,0,0,
E(3)+2*E(3)^2,2*E(3)+E(3)^2,0,0,-E(3)+E(3)^2,E(3)-E(3)^2,1,0,0,0,0,-E(3),
-E(3)^2],
[GALOIS,[14,2]],[1092,-52,0,204*E(3)+150*E(3)^2,150*E(3)+204*E(3)^2,48,3,
-3*E(3)+6*E(3)^2,6*E(3)-3*E(3)^2,0,40,0,4,2,-4*E(3)-30*E(3)^2,
-30*E(3)-4*E(3)^2,-8*E(3)-14*E(3)^2,-14*E(3)-8*E(3)^2,-6*E(3)-10*E(3)^2,
-10*E(3)-6*E(3)^2,11*E(3)+9*E(3)^2,9*E(3)+11*E(3)^2,-4,-1,3*E(3)+2*E(3)^2,
2*E(3)+3*E(3)^2,0,-E(3),-E(3)^2,0,0,0,0,3*E(3)^2,3*E(3),3*E(3)-3*E(3)^2,
-3*E(3)+3*E(3)^2,-3*E(3),-3*E(3)^2,0,0,-2,2*E(3)+8*E(3)^2,8*E(3)+2*E(3)^2,-2,
-2*E(3)^2,-2*E(3),2*E(3)+4*E(3)^2,4*E(3)+2*E(3)^2,1,-2,0,0,E(3)-E(3)^2,E(3),
E(3)^2,0,0,0,-E(3),-E(3)^2,-E(3)^2,-E(3),-1,-1,-E(3),-E(3)^2,0,0,0,E(3),
E(3)^2,E(3)^2,E(3)],
[GALOIS,[16,2]],[1260,-60,0,90*E(3)-180*E(3)^2,-180*E(3)+90*E(3)^2,-36,45,
-9*E(3)^2,-9*E(3),0,40,0,-4,0,30*E(3)+60*E(3)^2,60*E(3)+30*E(3)^2,
6*E(3)+24*E(3)^2,24*E(3)+6*E(3)^2,6*E(3)-6*E(3)^2,-6*E(3)+6*E(3)^2,
3*E(3)-3*E(3)^2,-3*E(3)+3*E(3)^2,0,-3,-3*E(3)^2,-3*E(3),0,3*E(3)^2,3*E(3),0,0,
0,0,-9*E(3),-9*E(3)^2,0,0,0,0,0,0,0,8*E(3)+2*E(3)^2,2*E(3)+8*E(3)^2,-2,2*E(3),
2*E(3)^2,4*E(3)+2*E(3)^2,2*E(3)+4*E(3)^2,1,2,0,0,-E(3)+E(3)^2,-E(3)^2,-E(3),
-1,-1,0,0,0,3*E(3),3*E(3)^2,0,0,0,0,0,0,0,0,0,E(3),E(3)^2],
[GALOIS,[18,2]],[1820,20,0,-290*E(3)-110*E(3)^2,-110*E(3)-290*E(3)^2,-16,11,
13*E(3)+19*E(3)^2,19*E(3)+13*E(3)^2,2,40,0,-4,0,10*E(3)-50*E(3)^2,
-50*E(3)+10*E(3)^2,-14*E(3)+10*E(3)^2,10*E(3)-14*E(3)^2,2,2,-5*E(3)+E(3)^2,
E(3)-5*E(3)^2,-4,-1,7*E(3)+E(3)^2,E(3)+7*E(3)^2,0,-1,-1,0,0,0,0,
-5*E(3)-8*E(3)^2,-8*E(3)-5*E(3)^2,E(3)+4*E(3)^2,4*E(3)+E(3)^2,E(3)+4*E(3)^2,
4*E(3)+E(3)^2,-E(3),-E(3)^2,0,8*E(3)+2*E(3)^2,2*E(3)+8*E(3)^2,-2,2,2,
-4*E(3)-2*E(3)^2,-2*E(3)-4*E(3)^2,1,2,0,0,E(3)-E(3)^2,-1,-1,0,0,0,0,0,-E(3),
-E(3)^2,-E(3),-E(3)^2,-E(3),-E(3)^2,0,0,0,0,0,E(3),E(3)^2],
[GALOIS,[20,2]],[2730,110,0,165,165,-42,48,-24,-24,0,-20,0,6,0,35,35,-7,-7,8,
8,-10,-10,-10,-4,-4,-4,0,2,2,0,0,2,0,3,3,0,0,-3,-3,0,0,0,7,7,-2,-3,-3,-3,-3,
-2,0,0,0,0,0,0,0,0,0,0,0,-1,-1,2,2,-1,-1,0,-1,-1,0,0,1,1],[2730,-50,0,-375,
-375,48,12,3,3,6,60,0,-2,0,55,55,-23,-23,10,10,-8,-8,4,4,1,1,0,1,1,0,0,-2,0,
-6,-6,-3,-3,0,0,0,0,0,-3,-3,-6,1,1,3,3,0,-2,0,0,0,1,1,0,0,0,0,0,-2,-2,1,1,-2,
-2,0,1,1,0,0,0,0],[2730,110,0,105*E(3)+240*E(3)^2,240*E(3)+105*E(3)^2,-6,66,
-12*E(3)+6*E(3)^2,6*E(3)-12*E(3)^2,6,-20,0,6,0,-25*E(3),-25*E(3)^2,
-23*E(3)-8*E(3)^2,-8*E(3)-23*E(3)^2,12*E(3)+8*E(3)^2,8*E(3)+12*E(3)^2,
-4*E(3)-12*E(3)^2,-12*E(3)-4*E(3)^2,2,2,2*E(3)^2,2*E(3),0,2*E(3),2*E(3)^2,0,0,
2,0,3*E(3),3*E(3)^2,-3*E(3)^2,-3*E(3),-3*E(3)+3*E(3)^2,3*E(3)-3*E(3)^2,0,0,0,
5*E(3)+8*E(3)^2,8*E(3)+5*E(3)^2,-2,-3*E(3),-3*E(3)^2,3*E(3),3*E(3)^2,-2,0,0,0,
0,0,0,0,0,0,0,0,-E(3),-E(3)^2,-E(3)^2,-E(3),-1,-1,0,-E(3),-E(3)^2,0,0,E(3),
E(3)^2],
[GALOIS,[24,2]],[2730,-50,0,-300*E(3)-435*E(3)^2,-435*E(3)-300*E(3)^2,66,21,
-21*E(3)-12*E(3)^2,-12*E(3)-21*E(3)^2,0,60,0,-2,0,-60*E(3)-5*E(3)^2,
-5*E(3)-60*E(3)^2,8*E(3)-7*E(3)^2,-7*E(3)+8*E(3)^2,10*E(3)+6*E(3)^2,
6*E(3)+10*E(3)^2,-9*E(3)-11*E(3)^2,-11*E(3)-9*E(3)^2,-2,1,E(3),E(3)^2,0,
-3*E(3)-2*E(3)^2,-2*E(3)-3*E(3)^2,0,0,-2,0,-6*E(3),-6*E(3)^2,-3*E(3)+3*E(3)^2,
3*E(3)-3*E(3)^2,-3*E(3)^2,-3*E(3),0,0,0,-6*E(3)+3*E(3)^2,3*E(3)-6*E(3)^2,0,
E(3)^2,E(3),2*E(3)+E(3)^2,E(3)+2*E(3)^2,3,-2,0,0,E(3)-E(3)^2,E(3),E(3)^2,0,0,
0,0,0,-2*E(3),-2*E(3)^2,1,1,E(3)^2,E(3),0,E(3)^2,E(3),0,0,0,0],
[GALOIS,[26,2]],[3120,80,0,-120,-120,96,-12,-12,-12,6,0,0,0,0,-40,-40,8,8,-4,
-4,-4,-4,-16,-4,8,8,0,2,2,0,-2,0,0,6,6,-3,-3,-3,-3,0,0,0,0,0,0,0,0,0,0,0,0,0,
0,0,0,0,0,0,0,0,0,2,2,-1,-1,-1,-1,0,0,0,0,0,0,0],[3276,36,0,
504*E(3)+234*E(3)^2,234*E(3)+504*E(3)^2,36,36,9*E(3),9*E(3)^2,0,56,0,-4,1,
24*E(3)-66*E(3)^2,-66*E(3)+24*E(3)^2,-18*E(3)^2,-18*E(3),-6,-6,-6,-6,0,0,
3*E(3),3*E(3)^2,0,3*E(3),3*E(3)^2,0,0,0,0,9*E(3)^2,9*E(3),0,0,0,0,0,0,1,
-8*E(3)+4*E(3)^2,4*E(3)-8*E(3)^2,2,2*E(3)^2,2*E(3),0,0,2,2,0,0,0,-E(3),
-E(3)^2,0,0,0,1,1,-3*E(3)^2,-3*E(3),0,0,0,0,1,0,0,1,1,-E(3)^2,-E(3)],
[GALOIS,[29,2]],[3640,40,0,-40*E(3)-220*E(3)^2,-220*E(3)-40*E(3)^2,94,4,
-19*E(3)+2*E(3)^2,2*E(3)-19*E(3)^2,-2,0,0,8,0,40*E(3)+60*E(3)^2,
60*E(3)+40*E(3)^2,8*E(3)+20*E(3)^2,20*E(3)+8*E(3)^2,-6*E(3)-2*E(3)^2,
-2*E(3)-6*E(3)^2,-8*E(3),-8*E(3)^2,-14,4,3*E(3)-2*E(3)^2,-2*E(3)+3*E(3)^2,0,
E(3),E(3)^2,0,0,0,0,2*E(3)+8*E(3)^2,8*E(3)+2*E(3)^2,-2,-2,1,1,E(3),E(3)^2,0,0,
0,0,-4*E(3)^2,-4*E(3),0,0,0,2,0,0,0,-E(3),-E(3)^2,0,0,0,0,0,-2*E(3),-2*E(3)^2,
-2*E(3)^2,-2*E(3),1,1,0,0,0,0,0,0,0],
[GALOIS,[31,2]],[4368,112,0,-384,-384,-24,66,-6,-6,0,0,0,0,-2,64,64,-32,-32,
-8,-8,10,10,-8,-2,-2,-2,0,4,4,0,0,0,0,-6,-6,0,0,-3,-3,0,0,2,0,0,0,0,0,0,0,0,0,
0,0,0,0,0,0,0,0,1,1,-2,-2,-2,-2,1,1,0,0,0,-1,-1,0,0],[4368,112,0,
-264*E(3)-480*E(3)^2,-480*E(3)-264*E(3)^2,12,84,-12*E(3)-30*E(3)^2,
-30*E(3)-12*E(3)^2,6,0,0,0,-2,-56*E(3),-56*E(3)^2,8*E(3)-16*E(3)^2,
-16*E(3)+8*E(3)^2,-12*E(3)-8*E(3)^2,-8*E(3)-12*E(3)^2,4*E(3)+12*E(3)^2,
12*E(3)+4*E(3)^2,4,4,-2*E(3)^2,-2*E(3),0,-2*E(3),-2*E(3)^2,0,0,0,0,-6*E(3),
-6*E(3)^2,-3*E(3)^2,-3*E(3),-3*E(3)+3*E(3)^2,3*E(3)-3*E(3)^2,0,0,2,0,0,0,0,0,
0,0,0,0,0,0,0,0,0,0,0,0,E(3),E(3)^2,-2*E(3),-2*E(3)^2,E(3)^2,E(3),1,1,0,0,0,
-E(3),-E(3)^2,0,0],
[GALOIS,[34,2]],[4914,-186,0,-216*E(3)-135*E(3)^2,-135*E(3)-216*E(3)^2,54,54,
-27*E(3),-27*E(3)^2,0,-36,0,-2,-1,24*E(3)+15*E(3)^2,15*E(3)+24*E(3)^2,
24*E(3)-3*E(3)^2,-3*E(3)+24*E(3)^2,-6,-6,-6,-6,-6,-6,3*E(3),3*E(3)^2,0,3*E(3),
3*E(3)^2,0,0,2,0,0,0,0,0,0,0,0,0,-1,-9*E(3)^2,-9*E(3),0,E(3)^2,E(3),-3*E(3)^2,
-3*E(3),0,-2,0,0,0,E(3),E(3)^2,0,0,0,-E(3),-E(3)^2,0,0,0,0,0,0,-1,-E(3)^2,
-E(3),-E(3),-E(3)^2,0,0],
[GALOIS,[36,2]],[5460,-260,0,-210,-210,6,60,-21,-21,6,-40,0,4,0,10,10,10,10,
10,10,10,10,10,-8,1,1,0,1,1,0,0,0,0,-3,-3,-3,-3,-3,-3,0,0,0,-4,-4,8,-2,-2,0,0,
2,-2,0,0,0,1,1,0,0,0,0,0,1,1,1,1,1,1,0,0,0,0,0,-1,-1],[5460,60,0,
-330*E(3)+210*E(3)^2,210*E(3)-330*E(3)^2,-120,-3,-15*E(3)+3*E(3)^2,
3*E(3)-15*E(3)^2,-6,40,0,4,0,10*E(3)-10*E(3)^2,-10*E(3)+10*E(3)^2,
-18*E(3)+6*E(3)^2,6*E(3)-18*E(3)^2,2*E(3)-2*E(3)^2,-2*E(3)+2*E(3)^2,
-5*E(3)+5*E(3)^2,5*E(3)-5*E(3)^2,-12,-3,-E(3)+E(3)^2,E(3)-E(3)^2,0,
E(3)-E(3)^2,-E(3)+E(3)^2,0,0,0,0,-6*E(3)+3*E(3)^2,3*E(3)-6*E(3)^2,3,3,0,0,0,0,
0,2*E(3)+8*E(3)^2,8*E(3)+2*E(3)^2,-2,-2,-2,-2*E(3)-4*E(3)^2,-4*E(3)-2*E(3)^2,
1,-2,0,0,-E(3)+E(3)^2,1,1,0,0,0,0,0,-2*E(3)-E(3)^2,-E(3)-2*E(3)^2,
-E(3)+E(3)^2,E(3)-E(3)^2,0,0,0,0,0,0,0,E(3)^2,E(3)],
[GALOIS,[39,2]],[5824,64,0,-656,-656,100,46,-8,-8,-8,64,0,0,-1,64,64,-8,-8,-8,
-8,-8,-8,4,-2,4,4,0,-2,-2,0,0,0,0,1,1,1,1,1,1,1,1,-1,-8,-8,4,0,0,0,0,-2,0,0,0,
0,0,0,0,0,0,-1,-1,1,1,1,1,1,1,-1,0,0,-1,-1,1,1],[5824,64,0,-496*E(3)+80*E(3)^2
 ,80*E(3)-496*E(3)^2,-44,-26,20*E(3)-4*E(3)^2,-4*E(3)+20*E(3)^2,4,64,0,0,-1,
64*E(3),64*E(3)^2,-8,-8,-8*E(3)^2,-8*E(3),-8*E(3),-8*E(3)^2,4,-2,4*E(3)^2,
4*E(3),0,-2*E(3),-2*E(3)^2,0,0,0,0,1,1,-E(3)+2*E(3)^2,2*E(3)-E(3)^2,
-4*E(3)-E(3)^2,-E(3)-4*E(3)^2,E(3),E(3)^2,-1,-8,-8,4,0,0,0,0,-2,0,0,0,0,0,0,0,
0,0,-E(3),-E(3)^2,1,1,E(3),E(3)^2,E(3)^2,E(3),-1,0,0,-E(3),-E(3)^2,1,1],
[GALOIS,[42,2]],[7280,80,0,800,800,98,44,-10,-10,-10,80,0,0,0,80,80,8,8,8,8,8,
8,2,-4,2,2,0,-4,-4,0,0,0,0,-1,-1,-1,-1,-1,-1,-1,-1,0,8,8,2,0,0,0,0,-4,0,0,0,0,
0,0,0,0,0,0,0,-1,-1,-1,-1,-1,-1,0,0,0,0,0,-1,-1],[7280,80,0,
-80*E(3)+640*E(3)^2,640*E(3)-80*E(3)^2,-46,-28,-2*E(3)-32*E(3)^2,
-32*E(3)-2*E(3)^2,2,80,0,0,0,80*E(3)^2,80*E(3),8,8,8*E(3),8*E(3)^2,8*E(3)^2,
8*E(3),2,-4,2*E(3),2*E(3)^2,0,-4*E(3)^2,-4*E(3),0,0,0,0,-1,-1,4*E(3)+E(3)^2,
E(3)+4*E(3)^2,E(3)-2*E(3)^2,-2*E(3)+E(3)^2,-E(3),-E(3)^2,0,8,8,2,0,0,0,0,-4,0,
0,0,0,0,0,0,0,0,0,0,-1,-1,-E(3)^2,-E(3),-E(3),-E(3)^2,0,0,0,0,0,-1,-1],
[GALOIS,[45,2]],[8190,-150,0,585*E(3)+45*E(3)^2,45*E(3)+585*E(3)^2,-72,9,
-18*E(3)^2,-18*E(3),0,20,0,-6,0,15*E(3)-45*E(3)^2,-45*E(3)+15*E(3)^2,3,3,
-12*E(3)^2,-12*E(3),-3*E(3)-9*E(3)^2,-9*E(3)-3*E(3)^2,0,-3,-6*E(3)^2,-6*E(3),
0,0,0,0,0,2,0,9*E(3),9*E(3)^2,0,0,0,0,0,0,0,-5*E(3)+E(3)^2,E(3)-5*E(3)^2,-4,3,
3,E(3)-E(3)^2,-E(3)+E(3)^2,-1,0,0,0,-E(3)+E(3)^2,0,0,0,0,0,0,0,-3*E(3),
-3*E(3)^2,0,0,0,0,0,-1,-1,0,0,-E(3),-E(3)^2],
[GALOIS,[47,2]],[9828,108,0,540*E(3)-270*E(3)^2,-270*E(3)+540*E(3)^2,-54,27,
27*E(3),27*E(3)^2,0,24,0,4,3,60*E(3)+30*E(3)^2,30*E(3)+60*E(3)^2,18*E(3)^2,
18*E(3),-6*E(3)+6*E(3)^2,6*E(3)-6*E(3)^2,-3*E(3)+3*E(3)^2,3*E(3)-3*E(3)^2,6,3,
-3*E(3),-3*E(3)^2,0,3*E(3),3*E(3)^2,0,0,0,0,0,0,0,0,0,0,0,0,3,6,6,0,-2*E(3)^2,
-2*E(3),2*E(3)-2*E(3)^2,-2*E(3)+2*E(3)^2,3,-2,0,0,E(3)-E(3)^2,E(3),E(3)^2,0,0,
0,0,0,0,0,0,0,0,0,-1,0,0,0,0,0,0],
[GALOIS,[49,2]],[10206,-54,0,-729*E(3),-729*E(3)^2,0,0,0,0,0,36,0,-6,1,
81*E(3),81*E(3)^2,27*E(3),27*E(3)^2,0,0,0,0,0,0,0,0,0,0,0,0,0,2,0,0,0,0,0,0,0,
0,0,1,9*E(3),9*E(3)^2,0,3*E(3),3*E(3)^2,3*E(3),3*E(3)^2,0,0,0,0,0,0,0,1,1,0,
E(3),E(3)^2,0,0,0,0,0,0,1,-E(3),-E(3)^2,E(3),E(3)^2,0,0],
[GALOIS,[51,2]],[10920,-200,0,-660*E(3)-120*E(3)^2,-120*E(3)-660*E(3)^2,-42,
12,6*E(3)-3*E(3)^2,-3*E(3)+6*E(3)^2,-6,0,0,8,0,20*E(3)-40*E(3)^2,
-40*E(3)+20*E(3)^2,-4*E(3)+8*E(3)^2,8*E(3)-4*E(3)^2,2*E(3)+14*E(3)^2,
14*E(3)+2*E(3)^2,-8,-8,10,4,2*E(3)-E(3)^2,-E(3)+2*E(3)^2,0,-4*E(3)-E(3)^2,
-E(3)-4*E(3)^2,0,0,0,0,-6*E(3),-6*E(3)^2,3*E(3),3*E(3)^2,3*E(3),3*E(3)^2,0,0,
0,0,0,0,-4*E(3),-4*E(3)^2,0,0,0,2,0,0,0,-E(3)^2,-E(3),0,0,0,0,0,-2*E(3),
-2*E(3)^2,E(3),E(3)^2,E(3),E(3)^2,0,0,0,0,0,0,0],
[GALOIS,[53,2]],[11648,-128,0,416,416,-88,-52,-16,-16,8,0,0,0,-2,64,64,16,16,
-8,-8,-8,-8,-8,4,4,4,0,-2,-2,0,0,0,0,2,2,-1,-1,5,5,-1,-1,2,0,0,0,0,0,0,0,0,0,
0,0,0,0,0,0,0,0,1,1,-2,-2,1,1,1,1,0,0,0,-1,-1,0,0],[11648,-128,0,
736*E(3)+160*E(3)^2,160*E(3)+736*E(3)^2,56,20,4*E(3)+28*E(3)^2,
28*E(3)+4*E(3)^2,-4,0,0,0,-2,64*E(3),64*E(3)^2,16,16,-8*E(3)^2,-8*E(3),
-8*E(3),-8*E(3)^2,-8,4,4*E(3)^2,4*E(3),0,-2*E(3),-2*E(3)^2,0,0,0,0,2,2,
E(3)-2*E(3)^2,-2*E(3)+E(3)^2,-2*E(3)-5*E(3)^2,-5*E(3)-2*E(3)^2,-E(3),-E(3)^2,
2,0,0,0,0,0,0,0,0,0,0,0,0,0,0,0,0,0,E(3),E(3)^2,-2,-2,E(3),E(3)^2,E(3)^2,E(3),
0,0,0,-E(3),-E(3)^2,0,0],
[GALOIS,[56,2]],[14040,-120,0,-540,-540,-54,-54,27,27,0,0,0,8,0,60,60,-12,-12,
6,6,6,6,6,6,-3,-3,0,-3,-3,0,-2,0,0,0,0,0,0,0,0,0,0,0,0,0,0,-4,-4,0,0,0,2,0,0,
0,-1,-1,0,0,0,0,0,0,0,0,0,0,0,0,0,0,0,0,0,0],[14742,18,0,-81,-81,-162,0,0,0,0,
-60,0,-6,2,81,81,-9,-9,0,0,0,0,-18,0,0,0,0,0,0,0,0,-2,0,0,0,0,0,0,0,0,0,-2,3,
3,6,3,3,-3,-3,0,0,0,0,0,0,0,0,0,0,-1,-1,0,0,0,0,0,0,0,1,1,1,1,0,0],[14742,18,
0,324*E(3)-405*E(3)^2,-405*E(3)+324*E(3)^2,0,81,0,0,0,-60,0,-6,2,
36*E(3)+45*E(3)^2,45*E(3)+36*E(3)^2,-9*E(3)^2,-9*E(3),0,0,-9*E(3)+9*E(3)^2,
9*E(3)-9*E(3)^2,0,9,0,0,0,0,0,0,0,-2,0,0,0,0,0,0,0,0,0,-2,6*E(3)-3*E(3)^2,
-3*E(3)+6*E(3)^2,0,3*E(3)^2,3*E(3),-2*E(3)-E(3)^2,-E(3)-2*E(3)^2,-3,0,0,0,
-E(3)+E(3)^2,0,0,0,0,0,-E(3),-E(3)^2,0,0,0,0,0,0,0,E(3)^2,E(3),E(3),E(3)^2,0,
0],
[GALOIS,[60,2]],[16640,0,0,-640,-640,80,-64,8,8,2,0,0,0,0,0,0,0,0,0,0,0,0,0,0,
0,0,0,0,0,0,1,0,0,8,8,2,2,-4,-4,-1,-1,0,0,0,0,0,0,0,0,0,0,0,0,0,0,0,0,0,
E(28)^3-E(28)^11-E(28)^15+E(28)^19-E(28)^23+E(28)^27,0,0,0,0,0,0,0,0,0,0,0,0,
0,0,0],
[GALOIS,[62,5]],[17472,192,0,-240,-240,12,-6,-24,-24,0,-64,0,0,-3,0,0,-24,-24,
0,0,0,0,12,-6,0,0,0,0,0,0,0,0,0,3,3,0,0,6,6,0,0,-3,8,8,-4,0,0,0,0,2,0,0,0,0,0,
0,0,0,0,0,0,3,3,0,0,0,0,1,0,0,0,0,-1,-1],[17920,0,0,640,640,64,-80,-8,-8,4,0,
0,0,0,0,0,0,0,0,0,0,0,0,0,0,0,0,0,0,0,0,0,0,-8,-8,4,4,-2,-2,1,1,0,0,0,0,0,0,0,
0,0,0,0,0,0,0,0,E(13)+E(13)^3+E(13)^4+E(13)^9+E(13)^10+E(13)^12,
E(13)^2+E(13)^5+E(13)^6+E(13)^7+E(13)^8+E(13)^11,0,0,0,0,0,0,0,0,0,0,0,0,0,0,
0,0],
[GALOIS,[65,2]],[21840,240,0,240,240,6,-12,24,24,-6,-80,0,0,0,0,0,24,24,0,0,0,
0,6,-12,0,0,0,0,0,0,0,0,0,-3,-3,-6,-6,0,0,0,0,0,-8,-8,-2,0,0,0,0,4,0,0,0,0,0,
0,0,0,0,0,0,-3,-3,0,0,0,0,0,0,0,0,0,1,1]],]);
ARC("S6(3)","isSimple",true);
ARC("S6(3)","extInfo",["2","2"]);
ARC("S6(3)","maxes",["3^(1+4).2U4(2)","3^6:L3(3)","3^(3+4):2(S4xA4)",
"2.(A4xU4(2))","2^(2+6):3^3:S3","L2(27).3","2xU3(3).2","L3(3).2","L2(13)",
"L2(13)","A5"]);
ALF("S6(3)","S6(3).2",[1,2,3,4,4,5,6,7,7,8,9,10,11,12,13,13,14,14,15,15,
16,16,17,18,19,19,20,21,21,22,23,24,25,26,26,27,27,28,28,29,29,30,31,31,
32,33,33,34,34,35,36,37,37,38,39,39,40,41,42,43,43,44,44,45,45,46,46,47,
48,48,49,49,50,50],[
"fusion map is unique up to table autom.,\n",
"unique map that is compatible with Brauer tables"
]);
ALN("S6(3)",["s6f3"]);

