[[1,1,1,1,1,1,1,1,1,1,1,1,1,1,1,1,1,1,1,1,1,1,1,1,1,1,1,1,1,1,1,1,1,1,1,1,1,1,
1,1,1,1,1,1,1,1,1,1,1,1,1,1,1,1,1,1,1,1,1,1,1,1,1,1,1,1,1,1,1,1,1,1,1,1],[13,
-3,1,-4*E(3)+5*E(3)^2,5*E(3)-4*E(3)^2,-5,4,-E(3)+2*E(3)^2,2*E(3)-E(3)^2,1,5,
-3,1,-2,4*E(3)+5*E(3)^2,5*E(3)+4*E(3)^2,-3*E(3)^2,-3*E(3),-E(3)+E(3)^2,
E(3)-E(3)^2,-2*E(3)+2*E(3)^2,2*E(3)-2*E(3)^2,3,0,-E(3)-2*E(3)^2,
-2*E(3)-E(3)^2,1,E(3)+2*E(3)^2,2*E(3)+E(3)^2,1,-1,-1,-1,2*E(3)-E(3)^2,
-E(3)+2*E(3)^2,1,1,-2,-2,E(3),E(3)^2,2,-2*E(3)+E(3)^2,E(3)-2*E(3)^2,-1,E(3)^2,
E(3),2*E(3)+E(3)^2,E(3)+2*E(3)^2,2,1,-E(3)+E(3)^2,E(3)-E(3)^2,0,E(3),E(3)^2,0,
0,1,E(3),E(3)^2,-2*E(3)-E(3)^2,-E(3)-2*E(3)^2,-E(3)+E(3)^2,E(3)-E(3)^2,0,0,0,
-E(3)^2,-E(3),-E(3),-E(3)^2,-E(3)^2,-E(3)],
[GALOIS,[2,2]],[78,-2,-6,-30,-30,15,6,-3,-3,0,14,6,2,3,10,10,-2,-2,1,1,-8,-8,
7,-2,1,1,3,1,1,0,1,0,0,-3,-3,0,0,3,3,0,0,3,-4,-4,-1,2,2,0,0,2,-1,-3,-3,0,-1,
-1,0,0,1,0,0,1,1,-2,-2,1,1,-1,0,0,0,0,-1,-1],[91,11,7,26*E(3)+35*E(3)^2,
35*E(3)+26*E(3)^2,10,10,2*E(3)+5*E(3)^2,5*E(3)+2*E(3)^2,1,11,3,-1,1,
-14*E(3)-5*E(3)^2,-5*E(3)-14*E(3)^2,-2*E(3)+7*E(3)^2,7*E(3)-2*E(3)^2,-4,-4,-4,
-4,2,2,-2*E(3)+E(3)^2,E(3)-2*E(3)^2,-2,-2*E(3)+E(3)^2,E(3)-2*E(3)^2,1,0,1,1,
5*E(3)+2*E(3)^2,2*E(3)+5*E(3)^2,1,1,1,1,E(3),E(3)^2,1,4*E(3)+E(3)^2,
E(3)+4*E(3)^2,2,2*E(3)+3*E(3)^2,3*E(3)+2*E(3)^2,-3*E(3)^2,-3*E(3),2,2,0,0,0,
-E(3)^2,-E(3),0,0,0,E(3),E(3)^2,E(3)-2*E(3)^2,-2*E(3)+E(3)^2,-1,-1,-1,-1,1,
E(3)^2,E(3),E(3),E(3)^2,-E(3),-E(3)^2],
[GALOIS,[5,2]],[105,25,-7,-30,-30,6,15,-3,-3,3,5,-3,5,0,10,10,-2,-2,-8,-8,1,1,
-2,7,1,1,2,1,1,-1,0,3,-1,-3,-3,3,3,0,0,0,0,0,-4,-4,2,2,2,0,0,-1,2,0,0,-3,-1,
-1,1,1,0,0,0,1,1,1,1,-2,-2,0,0,0,0,0,-1,-1],[168,8,0,60,60,24,15,6,6,0,24,8,0,
3,20,20,8,8,2,2,11,11,8,-1,2,2,0,2,2,0,0,0,0,6,6,0,0,3,3,0,0,3,6,6,0,0,0,2,2,
3,0,2,2,-1,0,0,-1,-1,0,0,0,2,2,2,2,-1,-1,-1,0,0,0,0,0,0],[195,35,-1,60,60,15,
24,6,6,3,15,-1,3,0,20,20,8,8,11,11,2,2,-1,8,2,2,-1,2,2,-1,-1,3,-1,6,6,3,3,0,0,
0,0,0,6,6,3,0,0,2,2,0,3,-1,-1,2,0,0,0,0,-1,0,0,2,2,-1,-1,2,2,0,0,0,0,0,0,0],[
273,17,-7,-30*E(3)+51*E(3)^2,51*E(3)-30*E(3)^2,-24,3,3,3,3,25,-7,1,-2,
10*E(3)+19*E(3)^2,19*E(3)+10*E(3)^2,-2*E(3)-5*E(3)^2,-5*E(3)-2*E(3)^2,
4*E(3)-2*E(3)^2,-2*E(3)+4*E(3)^2,-5*E(3)+7*E(3)^2,7*E(3)-5*E(3)^2,8,-1,-1,-1,
2,-1,-1,-1,0,1,1,3*E(3),3*E(3)^2,3*E(3),3*E(3)^2,3*E(3),3*E(3)^2,0,0,2,
-4*E(3)-E(3)^2,-E(3)-4*E(3)^2,4,2*E(3)-E(3)^2,-E(3)+2*E(3)^2,-E(3)^2,-E(3),1,
-2,2*E(3)^2,2*E(3),-1,1,1,0,0,0,E(3)^2,E(3),-E(3),-E(3)^2,-E(3),-E(3)^2,-E(3),
-E(3)^2,0,E(3)^2,E(3),-E(3)^2,-E(3),E(3),E(3)^2],
[GALOIS,[10,2]],[455,-25,7,-95*E(3)-5*E(3)^2,-5*E(3)-95*E(3)^2,-4,23,
-11*E(3)-8*E(3)^2,-8*E(3)-11*E(3)^2,5,15,-1,-1,0,25*E(3)-5*E(3)^2,
-5*E(3)+25*E(3)^2,13*E(3)+19*E(3)^2,19*E(3)+13*E(3)^2,-2*E(3)+4*E(3)^2,
4*E(3)-2*E(3)^2,-1,-1,-4,-1,E(3)+4*E(3)^2,4*E(3)+E(3)^2,-2,E(3)-2*E(3)^2,
-2*E(3)+E(3)^2,1,0,-1,-1,-2*E(3)-8*E(3)^2,-8*E(3)-2*E(3)^2,E(3)-2*E(3)^2,
-2*E(3)+E(3)^2,E(3)-2*E(3)^2,-2*E(3)+E(3)^2,-E(3)^2,-E(3),0,-3,-3,0,
-3*E(3)-E(3)^2,-E(3)-3*E(3)^2,-E(3)+3*E(3)^2,3*E(3)-E(3)^2,3,2,2*E(3),
2*E(3)^2,-1,-E(3),-E(3)^2,0,0,0,0,0,2*E(3),2*E(3)^2,-E(3),-E(3)^2,-E(3),
-E(3)^2,0,-1,-1,0,0,0,0],
[GALOIS,[12,2]],[546,-14,14,-114*E(3)-60*E(3)^2,-60*E(3)-114*E(3)^2,15,-3,
12*E(3)+3*E(3)^2,3*E(3)+12*E(3)^2,3,26,2,-2,1,6*E(3)-20*E(3)^2,
-20*E(3)+6*E(3)^2,2*E(3)+8*E(3)^2,8*E(3)+2*E(3)^2,E(3)+3*E(3)^2,3*E(3)+E(3)^2,
-9*E(3)-5*E(3)^2,-5*E(3)-9*E(3)^2,7,1,4*E(3)+3*E(3)^2,3*E(3)+4*E(3)^2,5,
E(3)^2,E(3),-1,0,0,0,-3*E(3)^2,-3*E(3),3*E(3),3*E(3)^2,-3*E(3)+3*E(3)^2,
3*E(3)-3*E(3)^2,0,0,1,4*E(3)-2*E(3)^2,-2*E(3)+4*E(3)^2,-1,-2*E(3),-2*E(3)^2,
2*E(3)^2,2*E(3),-1,1,-3*E(3)-E(3)^2,-E(3)-3*E(3)^2,-1,E(3)^2,E(3),0,0,0,E(3),
E(3)^2,E(3)^2,E(3),E(3),E(3)^2,1,1,1,0,0,E(3),E(3)^2,-E(3)^2,-E(3)],
[GALOIS,[14,2]],[728,-8,0,64*E(3)-116*E(3)^2,-116*E(3)+64*E(3)^2,-46,17,
4*E(3)-2*E(3)^2,-2*E(3)+4*E(3)^2,-4,40,-8,0,-2,16*E(3)+36*E(3)^2,
36*E(3)+16*E(3)^2,-8,-8,-2*E(3)^2,-2*E(3),7*E(3)-9*E(3)^2,-9*E(3)+7*E(3)^2,10,
1,-2*E(3)^2,-2*E(3),0,-2*E(3),-2*E(3)^2,0,0,0,0,-5*E(3)-2*E(3)^2,
-2*E(3)-5*E(3)^2,E(3)-2*E(3)^2,-2*E(3)+E(3)^2,4*E(3)+E(3)^2,E(3)+4*E(3)^2,
-E(3)^2,-E(3),2,8*E(3)+2*E(3)^2,2*E(3)+8*E(3)^2,-2,0,0,-2*E(3)^2,-2*E(3),1,0,
-2*E(3)^2,-2*E(3),1,0,0,0,0,0,1,1,-E(3)+2*E(3)^2,2*E(3)-E(3)^2,E(3),E(3)^2,
E(3)^2,E(3),0,0,0,-1,-1,E(3),E(3)^2],
[GALOIS,[16,2]],[819,99,7,9,9,-18,36,9,9,9,-21,3,7,-1,9,9,9,9,0,0,0,0,6,12,-3,
-3,-2,3,3,1,0,1,1,0,0,0,0,0,0,0,0,-1,-3,-3,-6,1,1,-3,-3,0,-2,0,0,0,1,1,0,0,0,
-1,-1,0,0,0,0,0,0,-1,1,1,-1,-1,0,0],[1170,-30,6,180*E(3)-90*E(3)^2,
-90*E(3)+180*E(3)^2,-45,36,9*E(3),9*E(3)^2,0,50,-6,-2,0,60*E(3)+30*E(3)^2,
30*E(3)+60*E(3)^2,-24*E(3)-6*E(3)^2,-6*E(3)-24*E(3)^2,3*E(3)-3*E(3)^2,
-3*E(3)+3*E(3)^2,6*E(3)-6*E(3)^2,-6*E(3)+6*E(3)^2,3,0,-3*E(3),-3*E(3)^2,-3,
3*E(3),3*E(3)^2,0,1,0,0,9*E(3)^2,9*E(3),0,0,0,0,0,0,0,-2*E(3)-8*E(3)^2,
-8*E(3)-2*E(3)^2,-1,-2*E(3)^2,-2*E(3),2*E(3)+4*E(3)^2,4*E(3)+2*E(3)^2,2,1,
-E(3)+E(3)^2,E(3)-E(3)^2,0,E(3),E(3)^2,0,0,-1,0,0,-3*E(3)^2,-3*E(3),0,0,0,0,0,
0,0,0,0,-E(3)^2,-E(3)],
[GALOIS,[19,2]],[1365,-75,-7,-150*E(3)+120*E(3)^2,120*E(3)-150*E(3)^2,-30,60,
-6*E(3)+3*E(3)^2,3*E(3)-6*E(3)^2,3,25,9,5,0,50*E(3)+40*E(3)^2,
40*E(3)+50*E(3)^2,6*E(3),6*E(3)^2,-8*E(3)+8*E(3)^2,8*E(3)-8*E(3)^2,
2*E(3)-2*E(3)^2,-2*E(3)+2*E(3)^2,-6,0,-2*E(3)-E(3)^2,-E(3)-2*E(3)^2,2,
2*E(3)+E(3)^2,E(3)+2*E(3)^2,-1,0,-3,1,3*E(3)-6*E(3)^2,-6*E(3)+3*E(3)^2,3,3,0,
0,0,0,0,-4*E(3)+8*E(3)^2,8*E(3)-4*E(3)^2,-2,2*E(3),2*E(3)^2,0,0,-2,2,0,0,0,
-E(3)^2,-E(3),0,0,0,0,0,-E(3)-2*E(3)^2,-2*E(3)-E(3)^2,E(3)-E(3)^2,
-E(3)+E(3)^2,0,0,0,0,0,0,0,E(3),E(3)^2],
[GALOIS,[21,2]],[1365,85,21,-150*E(3)-15*E(3)^2,-15*E(3)-150*E(3)^2,-21,24,
3*E(3)+21*E(3)^2,21*E(3)+3*E(3)^2,0,5,5,5,0,10*E(3)-15*E(3)^2,
-15*E(3)+10*E(3)^2,2*E(3)+17*E(3)^2,17*E(3)+2*E(3)^2,-3*E(3)-11*E(3)^2,
-11*E(3)-3*E(3)^2,4*E(3),4*E(3)^2,-5,4,3*E(3)+E(3)^2,E(3)+3*E(3)^2,3,
E(3)+3*E(3)^2,3*E(3)+E(3)^2,0,0,1,1,-3*E(3)^2,-3*E(3),-3*E(3)+3*E(3)^2,
3*E(3)-3*E(3)^2,3*E(3),3*E(3)^2,0,0,0,-2*E(3)+E(3)^2,E(3)-2*E(3)^2,-1,
-2*E(3)+E(3)^2,E(3)-2*E(3)^2,-2*E(3)+E(3)^2,E(3)-2*E(3)^2,2,-1,-1,-1,2,-1,-1,
0,0,0,0,0,E(3)^2,E(3),1,1,E(3),E(3)^2,0,E(3)^2,E(3),0,0,-E(3)^2,-E(3)],
[GALOIS,[23,2]],[1365,5,-7,255*E(3)+120*E(3)^2,120*E(3)+255*E(3)^2,24,6,
-6*E(3)+3*E(3)^2,3*E(3)-6*E(3)^2,3,45,5,-7,0,15*E(3)-40*E(3)^2,
-40*E(3)+15*E(3)^2,7*E(3)-8*E(3)^2,-8*E(3)+7*E(3)^2,2*E(3),2*E(3)^2,
12*E(3)+8*E(3)^2,8*E(3)+12*E(3)^2,8,2,2*E(3)+3*E(3)^2,3*E(3)+2*E(3)^2,2,
-E(3)^2,-E(3),-1,0,-1,-1,6*E(3)^2,6*E(3),3*E(3),3*E(3)^2,-3*E(3)+3*E(3)^2,
3*E(3)-3*E(3)^2,0,0,0,-9*E(3),-9*E(3)^2,0,-E(3),-E(3)^2,-E(3),-E(3)^2,0,2,
2*E(3),2*E(3)^2,2,-E(3)^2,-E(3),0,0,0,0,0,2*E(3)^2,2*E(3),-E(3),-E(3)^2,-1,-1,
0,-E(3),-E(3)^2,0,0,0,0],
[GALOIS,[25,2]],[1820,60,28,200,200,65,11,11,11,-7,20,4,4,0,0,0,-12,-12,9,9,9,
9,9,3,3,3,1,-3,-3,1,0,0,0,-7,-7,2,2,2,2,-1,-1,0,2,2,5,4,4,-2,-2,-1,1,1,1,1,1,
1,0,0,0,0,0,-3,-3,0,0,0,0,0,0,0,0,0,-1,-1],[1820,60,28,-20*E(3)+160*E(3)^2,
160*E(3)-20*E(3)^2,29,-7,13*E(3)-8*E(3)^2,-8*E(3)+13*E(3)^2,5,20,4,4,0,
20*E(3)+40*E(3)^2,40*E(3)+20*E(3)^2,-12*E(3)^2,-12*E(3),7*E(3)-E(3)^2,
-E(3)+7*E(3)^2,5*E(3)+E(3)^2,E(3)+5*E(3)^2,-3,-3,E(3)-4*E(3)^2,-4*E(3)+E(3)^2,
1,-E(3)-2*E(3)^2,-2*E(3)-E(3)^2,1,0,0,0,E(3)-5*E(3)^2,-5*E(3)+E(3)^2,-4,-4,-1,
-1,-E(3),-E(3)^2,0,2,2,5,4*E(3)^2,4*E(3),-2,-2,-1,1,1,1,1,E(3),E(3)^2,0,0,0,0,
0,E(3)-E(3)^2,-E(3)+E(3)^2,0,0,-E(3)+E(3)^2,E(3)-E(3)^2,0,0,0,0,0,-1,-1],
[GALOIS,[28,2]],[2106,-54,6,-324,-324,81,0,0,0,0,66,10,6,1,36,36,0,0,9,9,-18,
-18,9,0,0,0,-3,0,0,0,-1,0,0,0,0,0,0,0,0,0,0,1,-6,-6,-3,0,0,-2,-2,0,-3,1,1,-2,
0,0,0,0,-1,1,1,0,0,0,0,0,0,1,0,0,1,1,0,0],[2184,104,0,300*E(3)+84*E(3)^2,
84*E(3)+300*E(3)^2,-12,33,12*E(3)-6*E(3)^2,-6*E(3)+12*E(3)^2,0,24,8,0,-1,
20*E(3)-36*E(3)^2,-36*E(3)+20*E(3)^2,16*E(3)-8*E(3)^2,-8*E(3)+16*E(3)^2,
6*E(3)+14*E(3)^2,14*E(3)+6*E(3)^2,-E(3)+3*E(3)^2,3*E(3)-E(3)^2,-4,5,2*E(3)^2,
2*E(3),0,2*E(3),2*E(3)^2,0,0,0,0,6*E(3)^2,6*E(3),-3*E(3)+3*E(3)^2,
3*E(3)-3*E(3)^2,3*E(3),3*E(3)^2,0,0,-1,6,6,0,0,0,2,2,3,0,2,2,-1,0,0,0,0,0,
-E(3)^2,-E(3),2*E(3)^2,2*E(3),-1,-1,-E(3),-E(3)^2,-1,0,0,-E(3)^2,-E(3),0,0],
[GALOIS,[31,2]],[2457,57,21,270,270,27,27,27,27,0,21,5,-7,-3,30,30,30,30,3,3,
3,3,3,3,3,3,3,3,3,0,0,-3,1,0,0,0,0,0,0,0,0,-3,-6,-6,3,2,2,2,2,3,-1,-1,-1,-1,
-1,-1,0,0,0,0,0,0,0,0,0,0,0,1,0,0,0,0,0,0],[2457,-87,21,135*E(3)+54*E(3)^2,
54*E(3)+135*E(3)^2,27,27,27*E(3),27*E(3)^2,0,-15,-7,5,2,15*E(3)+6*E(3)^2,
6*E(3)+15*E(3)^2,-21*E(3)+6*E(3)^2,6*E(3)-21*E(3)^2,3,3,3,3,3,3,3*E(3),
3*E(3)^2,3,3*E(3),3*E(3)^2,0,0,-1,-1,0,0,0,0,0,0,0,0,-2,-3*E(3)+6*E(3)^2,
6*E(3)-3*E(3)^2,3,3*E(3)+2*E(3)^2,2*E(3)+3*E(3)^2,E(3)-2*E(3)^2,
-2*E(3)+E(3)^2,3,-1,-1,-1,-1,-E(3),-E(3)^2,0,0,0,-E(3)^2,-E(3),0,0,0,0,0,0,0,
-E(3),-E(3)^2,E(3)^2,E(3),0,0],
[GALOIS,[34,2]],[2730,-70,14,300,300,57,57,30,30,3,10,-14,6,0,20,20,-16,-16,
-7,-7,-7,-7,-7,-7,2,2,5,2,2,-1,0,0,0,3,3,3,3,3,3,0,0,0,10,10,1,0,0,-2,-2,1,-3,
1,1,1,0,0,0,0,0,0,0,-1,-1,-1,-1,-1,-1,0,0,0,0,0,1,1],[2835,-45,-21,405,405,81,
0,0,0,0,75,11,3,0,45,45,9,9,-9,-9,18,18,9,0,0,0,-3,0,0,0,0,-1,-1,0,0,0,0,0,0,
0,0,0,3,3,-3,-3,-3,-1,-1,0,-3,-1,-1,2,0,0,1,1,0,0,0,0,0,0,0,0,0,0,-1,-1,0,0,0,
0],[3640,-40,0,500*E(3)+320*E(3)^2,320*E(3)+500*E(3)^2,22,49,8*E(3)+2*E(3)^2,
2*E(3)+8*E(3)^2,4,40,-8,0,0,-20*E(3)-80*E(3)^2,-80*E(3)-20*E(3)^2,
16*E(3)-8*E(3)^2,-8*E(3)+16*E(3)^2,-2*E(3)-8*E(3)^2,-8*E(3)-2*E(3)^2,5,5,-10,
-7,4*E(3)-2*E(3)^2,-2*E(3)+4*E(3)^2,0,2,2,0,0,0,0,8*E(3)+11*E(3)^2,
11*E(3)+8*E(3)^2,2*E(3)-E(3)^2,-E(3)+2*E(3)^2,2*E(3)-E(3)^2,-E(3)+2*E(3)^2,
E(3),E(3)^2,0,2*E(3)+8*E(3)^2,8*E(3)+2*E(3)^2,-2,0,0,-2*E(3),-2*E(3)^2,1,0,
-2*E(3),-2*E(3)^2,1,0,0,0,0,0,0,0,-E(3)^2,-E(3),-E(3)^2,-E(3),-E(3)^2,-E(3),0,
0,0,0,0,E(3)^2,E(3)],
[GALOIS,[38,2]],[4095,15,-21,-315*E(3)-585*E(3)^2,-585*E(3)-315*E(3)^2,45,45,
-9*E(3)^2,-9*E(3),0,55,-1,-5,0,-75*E(3)+15*E(3)^2,15*E(3)-75*E(3)^2,
21*E(3)+3*E(3)^2,3*E(3)+21*E(3)^2,3,3,3,3,-3,-3,3*E(3)^2,3*E(3),-3,3*E(3)^2,
3*E(3),0,0,1,1,-9*E(3),-9*E(3)^2,0,0,0,0,0,0,0,-7*E(3)+5*E(3)^2,
5*E(3)-7*E(3)^2,1,E(3)+3*E(3)^2,3*E(3)+E(3)^2,-1,-1,1,1,-1,-1,-1,E(3)^2,E(3),
0,0,0,0,0,3*E(3),3*E(3)^2,0,0,0,0,0,1,1,0,0,E(3),E(3)^2],
[GALOIS,[40,2]],[4536,216,0,-324,-324,0,81,0,0,0,-24,-8,0,1,36,36,0,0,-18,-18,
9,9,0,9,0,0,0,0,0,0,0,0,0,0,0,0,0,0,0,0,0,1,-6,-6,0,0,0,-2,-2,-3,0,-2,-2,1,0,
0,-1,-1,0,1,1,0,0,0,0,0,0,1,0,0,1,1,0,0],[5265,225,-27,405,405,0,81,0,0,0,-15,
-7,-3,0,45,45,9,9,18,18,-9,-9,0,9,0,0,0,0,0,0,1,-1,-1,0,0,0,0,0,0,0,0,0,3,3,0,
-3,-3,-1,-1,-3,0,2,2,-1,0,0,0,0,1,0,0,0,0,0,0,0,0,0,-1,-1,0,0,0,0],[5460,180,
-28,60,60,123,-3,6,6,3,-20,-4,12,0,-60,-60,0,0,3,3,3,3,3,-3,6,6,-1,0,0,-1,0,0,
0,-3,-3,-6,-6,0,0,0,0,0,-2,-2,-5,0,0,2,2,1,3,-1,-1,-1,0,0,0,0,0,0,0,-3,-3,0,0,
0,0,0,0,0,0,0,1,1],[5460,20,28,600,600,33,33,-21,-21,-3,60,-4,4,0,80,80,20,20,
-1,-1,-1,-1,-7,-7,-1,-1,1,-1,-1,1,0,0,0,6,6,-3,-3,-3,-3,0,0,0,6,6,-3,4,4,2,2,
-3,1,-1,-1,-1,1,1,0,0,0,0,0,2,2,-1,-1,-1,-1,0,0,0,0,0,0,0],[5460,20,28,
480*E(3)-60*E(3)^2,-60*E(3)+480*E(3)^2,-75,-21,-24*E(3)-15*E(3)^2,
-15*E(3)-24*E(3)^2,-3,60,-4,4,0,40*E(3)-20*E(3)^2,-20*E(3)+40*E(3)^2,
4*E(3)-8*E(3)^2,-8*E(3)+4*E(3)^2,-1,-1,7*E(3)-5*E(3)^2,-5*E(3)+7*E(3)^2,5,-1,
4*E(3)+E(3)^2,E(3)+4*E(3)^2,1,-2*E(3)+E(3)^2,E(3)-2*E(3)^2,1,0,0,0,6*E(3),
6*E(3)^2,-3*E(3),-3*E(3)^2,-3*E(3),-3*E(3)^2,0,0,0,6,6,-3,4*E(3),4*E(3)^2,2,2,
-3,1,-1,-1,-1,E(3)^2,E(3),0,0,0,0,0,2*E(3),2*E(3)^2,-E(3),-E(3)^2,-E(3),
-E(3)^2,0,0,0,0,0,0,0],
[GALOIS,[46,2]],[5824,64,0,-656,-656,100,46,-8,-8,-8,64,0,0,-1,64,64,-8,-8,-8,
-8,-8,-8,4,-2,4,4,0,-2,-2,0,0,0,0,1,1,1,1,1,1,1,1,-1,-8,-8,4,0,0,0,0,-2,0,0,0,
0,0,0,0,0,0,-1,-1,1,1,1,1,1,1,-1,0,0,-1,-1,1,1],[5824,64,0,-496*E(3)+80*E(3)^2
 ,80*E(3)-496*E(3)^2,-44,-26,20*E(3)-4*E(3)^2,-4*E(3)+20*E(3)^2,4,64,0,0,-1,
64*E(3),64*E(3)^2,-8,-8,-8*E(3)^2,-8*E(3),-8*E(3),-8*E(3)^2,4,-2,4*E(3)^2,
4*E(3),0,-2*E(3),-2*E(3)^2,0,0,0,0,1,1,-E(3)+2*E(3)^2,2*E(3)-E(3)^2,
-4*E(3)-E(3)^2,-E(3)-4*E(3)^2,E(3),E(3)^2,-1,-8,-8,4,0,0,0,0,-2,0,0,0,0,0,0,0,
0,0,-E(3),-E(3)^2,1,1,E(3),E(3)^2,E(3)^2,E(3),-1,0,0,-E(3),-E(3)^2,1,1],
[GALOIS,[49,2]],[6552,-72,0,36*E(3)-504*E(3)^2,-504*E(3)+36*E(3)^2,-90,-9,
18*E(3),18*E(3)^2,0,40,-8,0,2,-36*E(3)+24*E(3)^2,24*E(3)-36*E(3)^2,0,0,6*E(3),
6*E(3)^2,9*E(3)-3*E(3)^2,-3*E(3)+9*E(3)^2,6,3,-6*E(3),-6*E(3)^2,0,0,0,0,0,0,0,
-9*E(3)^2,-9*E(3),0,0,0,0,0,0,-2,2*E(3)+8*E(3)^2,8*E(3)+2*E(3)^2,-2,0,0,
-2*E(3),-2*E(3)^2,1,0,-2*E(3),-2*E(3)^2,1,0,0,0,0,0,-1,-1,3*E(3)^2,3*E(3),0,0,
0,0,0,0,0,1,1,E(3)^2,E(3)],
[GALOIS,[51,2]],[7371,171,-21,-324*E(3)+405*E(3)^2,405*E(3)-324*E(3)^2,-81,0,
0,0,0,51,3,3,1,36*E(3)+45*E(3)^2,45*E(3)+36*E(3)^2,9*E(3)^2,9*E(3),
9*E(3)-9*E(3)^2,-9*E(3)+9*E(3)^2,0,0,-9,0,0,0,-3,0,0,0,0,-1,-1,0,0,0,0,0,0,0,
0,1,-6*E(3)+3*E(3)^2,3*E(3)-6*E(3)^2,3,-3*E(3)^2,-3*E(3),-2*E(3)-E(3)^2,
-E(3)-2*E(3)^2,0,-3,E(3)-E(3)^2,-E(3)+E(3)^2,0,0,0,0,0,0,E(3),E(3)^2,0,0,0,0,
0,0,1,-E(3)^2,-E(3),E(3),E(3)^2,0,0],
[GALOIS,[53,2]],[8190,-210,-14,90,90,63,117,9,9,9,-90,-2,2,0,-30,-30,6,6,-3,
-3,-3,-3,15,-3,-3,-3,-5,-3,-3,1,0,0,0,0,0,0,0,0,0,0,0,0,0,0,3,2,2,4,4,-3,-1,1,
1,1,-1,-1,0,0,0,0,0,0,0,0,0,0,0,0,0,0,0,0,0,0],[9477,-27,-27,729*E(3),
729*E(3)^2,0,0,0,0,0,45,-3,-3,2,81*E(3),81*E(3)^2,-27*E(3),-27*E(3)^2,0,0,0,0,
0,0,0,0,0,0,0,0,-1,1,1,0,0,0,0,0,0,0,0,-2,-9*E(3),-9*E(3)^2,0,-3*E(3),
-3*E(3)^2,3*E(3),3*E(3)^2,0,0,0,0,0,0,0,0,0,1,-E(3),-E(3)^2,0,0,0,0,0,0,0,
E(3),E(3)^2,E(3),E(3)^2,0,0],
[GALOIS,[56,2]],[10920,-120,0,420*E(3)-120*E(3)^2,-120*E(3)+420*E(3)^2,-114,
57,24*E(3)+6*E(3)^2,6*E(3)+24*E(3)^2,0,-40,8,0,0,-20*E(3)-40*E(3)^2,
-40*E(3)-20*E(3)^2,24*E(3),24*E(3)^2,2*E(3)-8*E(3)^2,-8*E(3)+2*E(3)^2,
-5*E(3)-E(3)^2,-E(3)-5*E(3)^2,6,-3,-4*E(3)-2*E(3)^2,-2*E(3)-4*E(3)^2,0,
-2*E(3)-4*E(3)^2,-4*E(3)-2*E(3)^2,0,0,0,0,6*E(3)-3*E(3)^2,-3*E(3)+6*E(3)^2,0,
0,-3,-3,0,0,0,-2*E(3)-8*E(3)^2,-8*E(3)-2*E(3)^2,2,0,0,2*E(3),2*E(3)^2,-1,0,
2*E(3),2*E(3)^2,-1,0,0,0,0,0,0,0,2*E(3)+E(3)^2,E(3)+2*E(3)^2,0,0,E(3)-E(3)^2,
-E(3)+E(3)^2,0,0,0,0,0,-E(3)^2,-E(3)],
[GALOIS,[58,2]],[11648,-128,0,416,416,-88,-52,-16,-16,8,0,0,0,-2,64,64,16,16,
-8,-8,-8,-8,-8,4,4,4,0,-2,-2,0,0,0,0,2,2,-1,-1,5,5,-1,-1,2,0,0,0,0,0,0,0,0,0,
0,0,0,0,0,0,0,0,1,1,-2,-2,1,1,1,1,0,0,0,-1,-1,0,0],[11648,-128,0,
160*E(3)+736*E(3)^2,736*E(3)+160*E(3)^2,56,20,28*E(3)+4*E(3)^2,
4*E(3)+28*E(3)^2,-4,0,0,0,-2,64*E(3)^2,64*E(3),16,16,-8*E(3),-8*E(3)^2,
-8*E(3)^2,-8*E(3),-8,4,4*E(3),4*E(3)^2,0,-2*E(3)^2,-2*E(3),0,0,0,0,2,2,
-2*E(3)+E(3)^2,E(3)-2*E(3)^2,-5*E(3)-2*E(3)^2,-2*E(3)-5*E(3)^2,-E(3)^2,-E(3),
2,0,0,0,0,0,0,0,0,0,0,0,0,0,0,0,0,0,E(3)^2,E(3),-2,-2,E(3)^2,E(3),E(3),E(3)^2,
0,0,0,-E(3)^2,-E(3),0,0],
[GALOIS,[61,2]],[12285,45,21,270*E(3)-540*E(3)^2,-540*E(3)+270*E(3)^2,-27,54,
-27*E(3)^2,-27*E(3),0,-15,9,-7,0,30*E(3)+60*E(3)^2,60*E(3)+30*E(3)^2,-18*E(3),
-18*E(3)^2,-3*E(3)+3*E(3)^2,3*E(3)-3*E(3)^2,-6*E(3)+6*E(3)^2,6*E(3)-6*E(3)^2,
-3,-6,-3*E(3)^2,-3*E(3),3,3*E(3)^2,3*E(3),0,0,3,-1,0,0,0,0,0,0,0,0,0,-6,-6,-3,
2*E(3),2*E(3)^2,-2*E(3)+2*E(3)^2,2*E(3)-2*E(3)^2,0,-1,E(3)-E(3)^2,
-E(3)+E(3)^2,0,-E(3)^2,-E(3),0,0,0,0,0,0,0,0,0,0,0,0,0,0,0,0,0,0],
[GALOIS,[63,2]],[14560,-160,0,-560,-560,-92,-56,34,34,4,0,0,0,0,80,80,-16,-16,
8,8,8,8,-4,8,2,2,0,-4,-4,0,0,0,0,-2,-2,-5,-5,1,1,1,1,0,0,0,0,0,0,0,0,0,0,0,0,
0,0,0,0,0,0,0,0,2,2,-1,-1,-1,-1,0,0,0,0,0,0,0],[14560,-160,0,
-160*E(3)-880*E(3)^2,-880*E(3)-160*E(3)^2,52,16,-22*E(3)+8*E(3)^2,
8*E(3)-22*E(3)^2,-8,0,0,0,0,80*E(3)^2,80*E(3),-16,-16,8*E(3),8*E(3)^2,
8*E(3)^2,8*E(3),-4,8,2*E(3),2*E(3)^2,0,-4*E(3)^2,-4*E(3),0,0,0,0,-2,-2,
2*E(3)+5*E(3)^2,5*E(3)+2*E(3)^2,-E(3)+2*E(3)^2,2*E(3)-E(3)^2,E(3),E(3)^2,0,0,
0,0,0,0,0,0,0,0,0,0,0,0,0,0,0,0,0,0,2,2,-E(3)^2,-E(3),-E(3),-E(3)^2,0,0,0,0,0,
0,0],
[GALOIS,[66,2]],[16380,60,-28,180,180,-117,-9,18,18,-9,-60,4,12,0,60,60,24,24,
-3,-3,-3,-3,3,-9,-6,-6,-1,0,0,-1,0,0,0,0,0,0,0,0,0,0,0,0,-6,-6,3,0,0,-2,-2,3,
3,1,1,1,0,0,0,0,0,0,0,0,0,0,0,0,0,0,0,0,0,0,0,0],[16640,0,-64,-640,-640,80,
-64,8,8,2,0,0,0,0,0,0,0,0,0,0,0,0,0,0,0,0,8,0,0,2,1,0,0,8,8,2,2,-4,-4,-1,-1,0,
0,0,0,0,0,0,0,0,0,0,0,0,0,0,0,0,-1,0,0,0,0,0,0,0,0,0,0,0,0,0,0,0],[16640,0,64,
-640,-640,80,-64,8,8,2,0,0,0,0,0,0,0,0,0,0,0,0,0,0,0,0,-8,0,0,-2,1,0,0,8,8,2,
2,-4,-4,-1,-1,0,0,0,0,0,0,0,0,0,0,0,0,0,0,0,0,0,1,0,0,0,0,0,0,0,0,0,0,0,0,0,0,
0],[17472,192,0,-240,-240,12,-6,-24,-24,0,-64,0,0,-3,0,0,-24,-24,0,0,0,0,12,
-6,0,0,0,0,0,0,0,0,0,3,3,0,0,6,6,0,0,-3,8,8,-4,0,0,0,0,2,0,0,0,0,0,0,0,0,0,0,
0,3,3,0,0,0,0,1,0,0,0,0,-1,-1],[17920,0,0,640,640,64,-80,-8,-8,4,0,0,0,0,0,0,
0,0,0,0,0,0,0,0,0,0,0,0,0,0,0,0,0,-8,-8,4,4,-2,-2,1,1,0,0,0,0,0,0,0,0,0,0,0,0,
0,0,0,E(13)+E(13)^3+E(13)^4+E(13)^9+E(13)^10+E(13)^12,E(13)^2+E(13)^5+E(13)^6
 +E(13)^7+E(13)^8+E(13)^11,0,0,0,0,0,0,0,0,0,0,0,0,0,0,0,0],
[GALOIS,[72,2]],[19683,243,27,0,0,0,0,0,0,0,-81,-9,-9,3,0,0,0,0,0,0,0,0,0,0,0,
0,0,0,0,0,-1,-3,1,0,0,0,0,0,0,0,0,3,0,0,0,0,0,0,0,0,0,0,0,0,0,0,1,1,-1,0,0,0,
0,0,0,0,0,-1,0,0,0,0,0,0]]