numpy=2.3.5
lambda_star=5.0000000000000000e-01
c=5.4857142857142871e-01
d=-1.0263945578231297e-01
rho raw_error hf1_error richardson2_error hermite2_error hermite2_error_times_rho4
   10.0 -5.613259615918e-02 +1.557600667665e-03 +7.041287146563e-04 +8.229588828623e-06 +8.229588828623e-02
   20.0 -2.771423372226e-02 +3.167859449471e-04 +1.503532882876e-04 +5.196878749558e-07 +8.315005999293e-02
   40.0 -1.378194021699e-02 +7.128672401946e-05 +3.471932997501e-05 +3.205716025967e-08 +8.206633026475e-02
   80.0 -6.873610443506e-03 +1.690566326007e-05 +8.342322330601e-06 +1.983896935620e-09 +8.126041848300e-02
  160.0 -3.432634060588e-03 +4.116402489762e-06 +2.044697040571e-06 +1.233111390775e-10 +8.081318810582e-02
  320.0 -1.715294681774e-03 +1.015627245970e-06 +5.061446772814e-07 +8.023692821268e-12 +8.413451723754e-02
rho first_coeff_est second_coeff_est
   20.0 +5.542846744452e-01 -1.142649174762e-01
   40.0 +5.512776086795e-01 -1.082472043223e-01
   80.0 +5.498888354805e-01 -1.053925527247e-01
  160.0 +5.492214496940e-01 -1.040033796177e-01
  320.0 +5.488942981675e-01 -1.033182707554e-01
q rho hermite_error scaled_error
1     5.0 +9.068155420274e-03 +2.267038855068e-01
1    10.0 +1.557600667665e-03 +1.557600667665e-01
1    20.0 +3.167859449471e-04 +1.267143779788e-01
1    40.0 +7.128672401946e-05 +1.140587584311e-01
2     5.0 +9.289162185566e-05 +5.805726365979e-02
2    10.0 +8.229588828512e-06 +8.229588828512e-02
2    20.0 +5.196878748448e-07 +8.315005997517e-02
2    40.0 +3.205716003762e-08 +8.206632969632e-02
3     5.0 -1.371981440568e-06 -2.143721000887e-02
3    10.0 -1.040835972965e-08 -1.040835972965e-02
3    20.0 -1.060909693429e-10 -6.789822037945e-03
3    40.0 -1.257050019632e-12 -5.148876880412e-03
