VERIFY_OK
ODD_RECORDS 3:2 15:4 51:5 105:6 159:7 715:8 1365:13 4479:14 6335:15 12095:17 14399:20 17919:23 20735:36
K20735_LOOP_COUNT 36
LENGTH_HIST 4:6 6:14 8:10 10:5 12:1
CYCLE 01 3 20738 10369 31104
CYCLE 02 7 20742 3457 24192
CYCLE 03 17 20752 1297 22032
CYCLE 04 19 20754 1153 21888
CYCLE 05 31 20766 3461 24196 263 20998 10499 31234 97 20832
CYCLE 06 37 20772 577 21312
CYCLE 07 53 20788 5197 25932 2161 22896
CYCLE 08 59 20794 281 21016 71 20806 103 20838 151 20886
CYCLE 09 67 20802 3467 24202 12101 32836 8209 28944
CYCLE 10 79 20814 3469 24204 2017 22752
CYCLE 11 109 20844 193 20928
CYCLE 12 113 20848 1303 22038 3673 24408
CYCLE 13 131 20866 10433 31168 487 21222
CYCLE 14 137 20872 2609 23344 1459 22194
CYCLE 15 157 20892 1741 22476 1873 22608
CYCLE 16 173 20908 5227 25962 4327 25062 4177 24912
CYCLE 17 197 20932 5233 25968 541 21276
CYCLE 18 211 20946 3491 24226 12113 32848 2053 22788
CYCLE 19 229 20964 1747 22482 1249 21984
CYCLE 20 271 21006 389 21124 5281 26016
CYCLE 21 313 21048 877 21612 1801 22536
CYCLE 22 331 21066 3511 24246 449 21184
CYCLE 23 337 21072 439 21174 3529 24264
CYCLE 24 401 21136 1321 22056 919 21654
CYCLE 25 457 21192 883 21618 1201 21936
CYCLE 26 463 21198 3533 24268 6067 26802 1489 22224
CYCLE 27 467 21202 10601 31336 3917 24652 6163 26898 4483 25218
CYCLE 28 607 21342 3557 24292 6073 26808 1117 21852
CYCLE 29 619 21354 3559 24294 4049 24784 1549 22284
CYCLE 30 733 21468 1789 22524 1877 22612 5653 26388
CYCLE 31 739 21474 1193 21928 2741 23476 5869 26604
CYCLE 32 907 21642 3607 24342 4057 24792 1033 21768
CYCLE 33 1237 21972 1831 22566 3761 24496 1531 22266
CYCLE 34 1277 22012 5503 26238 4373 25108 6277 27012 2251 22986
CYCLE 35 1499 22234 11117 31852 7963 28698 4783 25518 4253 24988 6247 26982
CYCLE 36 2069 22804 5701 26436 2203 22938 3823 24558 4093 24828
