1 1 1 2 1 0 1
2 3 2 2 1 01 10
3 2 2 4 1 001 011 100 110
4 5 3 2 1 0110 1001
5 4 3 2 1 01110 10001
6 8 4 2 1 011001 100110
7 6 4 8 2 0101110 0110001 0111001 0111010 1000101 1000110 1001110 1010001
8 13 5 2 1 01100110 10011001
9 10 5 8 2 011001110 011010001 011100110 011101001 100010110 100011001 100101110 100110001
10 21 6 2 1 0110011001 1001100110
11 16 6 8 2 01100101110 01100110001 01110011001 01110100110 10001011001 10001100110 10011001110 10011010001
12 34 7 2 1 011001100110 100110011001
13 26 7 8 2 0110011001110 0110011010001 0111001100110 0111010011001 1000101100110 1000110011001 1001100101110 1001100110001
14 55 8 2 1 01100110011001 10011001100110
15 42 8 8 2 011001100101110 011001100110001 011100110011001 011101001100110 100010110011001 100011001100110 100110011001110 100110011010001
16 89 9 2 1 0110011001100110 1001100110011001
17 68 9 8 2 01100110011001110 01100110011010001 01110011001100110 01110100110011001 10001011001100110 10001100110011001 10011001100101110 10011001100110001
18 144 10 2 1 011001100110011001 100110011001100110
19 110 10 8 2 0110011001100101110 0110011001100110001 0111001100110011001 0111010011001100110 1000101100110011001 1000110011001100110 1001100110011001110 1001100110011010001
20 233 11 2 1 01100110011001100110 10011001100110011001
21 178 11 8 2 011001100110011001110 011001100110011010001 011100110011001100110 011101001100110011001 100010110011001100110 100011001100110011001 100110011001100101110 100110011001100110001
22 377 12 2 1 0110011001100110011001 1001100110011001100110
