# Autocorrelation r(s)=sum_x (-1)^(f(x)+f(x^s)) for lex-min nl=55 rep, s=0..127
# truth_mask=718592
 128   12   12    4   12   -4    4   20
  12    4   -4  -12    4   12   20   -4
  12    4    4  -12   -4   20  -12   -4
   4  -12   12    4   20   -4   -4   12
  12   -4    4   12    4   20  -12   -4
  -4   20   20    4  -12    4   -4  -20
   4  -12  -12    4   12    4    4  -20
  20   -4   -4  -20   -4  -20   12   -4
  12    4   -4   20    4  -12   12   -4
   4  -12   20   -4  -12    4   -4   12
  -4   12   20   -4   20    4    4  -20
 -12    4    4  -20   -4  -20  -20   -4
   4   20  -12   -4  -12   -4    4   12
  12   -4    4  -20    4  -20  -20   -4
  20   -4   -4   12   -4  -20  -20   -4
  -4   12  -20   -4   12   -4   -4   12
