# Autocorrelation r(s)=sum_x (-1)^(f(x)+f(x^s)) for lex-min nl=56 rep, s=0..127
# truth_mask=194304
 128   16   16    0   16    0    0   16
  16    0    0  -16    0   16   16    0
  16    0    0  -16    0   16  -16    0
   0  -16   16    0   16    0    0   16
  16    0    0   16    0   16  -16    0
   0   16   16    0  -16    0    0  -16
   0  -16  -16    0   16    0    0  -16
  16    0    0  -16    0  -16   16    0
  16    0    0   16    0  -16   16    0
   0  -16   16    0  -16    0    0   16
   0   16   16    0   16    0    0  -16
 -16    0    0  -16    0  -16  -16    0
   0   16  -16    0  -16    0    0   16
  16    0    0  -16    0  -16  -16    0
  16    0    0   16    0  -16  -16    0
   0   16  -16    0   16    0    0   16
