# Walsh spectrum for lex-min ANF representative with nl=56
# truth_mask=194304 (0x2f700) anf_mask=46848 (0x0b700) degree=4 weight=56 W0=16 acmax=16
# truth_hex=008028eae02eec5c80f67c2ed8765a13
# anf_hex=0080286ae02e6c1480767c0658161201
# |W| multiset={0: 64, 16: 64}
# W(a) for a=0..127 in order, 8 per line
  16   16   16   16   16   16   16    0
  16    0   16  -16   16    0    0  -16
  16    0    0    0   16  -16  -16   16
  16    0    0  -16    0    0  -16    0
  16   16    0    0    0  -16    0    0
  16  -16  -16    0  -16    0   16    0
  16  -16    0  -16    0    0  -16   16
   0   16    0   16  -16    0    0    0
  16   16   16    0    0  -16    0  -16
   0    0  -16   16    0  -16    0    0
  16    0  -16    0  -16    0    0    0
 -16  -16    0   16   16   16    0    0
  16    0  -16  -16    0   16  -16    0
   0    0    0    0  -16   16   16    0
   0  -16   16    0    0    0   16    0
 -16    0    0    0    0    0    0    0
