# Walsh spectrum for lex-min ANF representative with nl=55
# truth_mask=718592 (0xaf700) anf_mask=571136 (0x8b700) degree=7 weight=57 W0=14 acmax=20
# truth_hex=008028eae02eec5c80f67c2ed8765a93
# anf_hex=0080286ae02e6c1480767c0658161281
# |W| multiset={2: 64, 14: 36, 18: 28}
# W(a) for a=0..127 in order, 8 per line
  14   18   18   14   18   14   14    2
  18   -2   14  -14   14    2    2  -18
  18   -2   -2    2   14  -14  -14   14
  14    2    2  -18    2   -2  -18    2
  18   14   -2    2   -2  -14    2   -2
  14  -14  -14   -2  -14   -2   14    2
  14  -14    2  -18    2   -2  -18   18
   2   14   -2   18  -18    2    2   -2
  18   14   14    2   -2  -14    2  -18
  -2    2  -14   14    2  -18   -2    2
  14    2  -14   -2  -14   -2   -2    2
 -14  -18   -2   18   14   18    2   -2
  14    2  -14  -18    2   14  -18    2
   2   -2   -2    2  -18   18   18   -2
   2  -18   14    2   -2    2   18   -2
 -18    2    2   -2    2   -2   -2    2
