3_1: 4 6 2
4_1: 4 6 8 2
5_1: 6 8 10 2 4
5_2: 4 8 10 2 6
6_1: 4 8 12 10 2 6
6_2: 4 8 10 12 2 6
6_3: 4 8 10 2 12 6
7_1: 8 10 12 14 2 4 6
7_2: 4 10 14 12 2 8 6
7_3: 6 10 12 14 2 4 8
7_4: 6 10 12 14 4 2 8
7_5: 4 10 12 14 2 8 6
7_6: 4 8 12 2 14 6 10
7_7: 4 8 10 12 2 14 6
8_1: 4 10 16 14 12 2 8 6
8_2: 4 10 12 14 16 2 6 8
8_3: 6 12 10 16 14 4 2 8
8_4: 6 10 12 16 14 4 2 8
8_5: 6 8 12 2 14 16 4 10
8_6: 4 10 14 16 12 2 8 6
8_7: 4 10 12 14 2 16 6 8
8_8: 4 8 12 2 16 14 6 10
8_9: 6 10 12 14 16 4 2 8
8_10: 4 8 12 2 14 16 6 10
8_11: 4 10 12 14 16 2 8 6
8_12: 4 8 14 10 2 16 6 12
8_13: 4 10 12 14 2 16 8 6
8_14: 4 8 10 14 2 16 6 12
8_15: 4 8 12 2 14 6 16 10
8_16: 6 8 14 12 4 16 2 10
8_17: 6 8 12 14 4 16 2 10
8_18: 6 8 10 12 14 16 2 4
8_19: 4 8 -12 2 -14 -16 -6 -10
8_20: 4 8 -12 2 -14 -6 -16 -10
8_21: 4 8 -12 2 14 -6 16 10
9_1: 10 12 14 16 18 2 4 6 8
9_2: 4 12 18 16 14 2 10 8 6
9_3: 8 12 14 16 18 2 4 6 10
9_4: 6 12 14 18 16 2 4 10 8
9_5: 6 12 14 18 16 4 2 10 8
9_6: 4 12 14 16 18 2 10 6 8
9_7: 4 12 16 18 14 2 10 8 6
9_8: 4 8 14 2 18 16 6 12 10
9_9: 6 12 14 16 18 2 4 10 8
9_10: 8 12 14 16 18 2 6 4 10
9_11: 4 10 14 16 12 2 18 6 8
9_12: 4 10 16 14 2 18 8 6 12
9_13: 6 12 14 16 18 4 2 10 8
9_14: 4 10 12 16 14 2 18 8 6
9_15: 4 8 14 10 2 18 16 6 12
9_16: 4 12 16 18 14 2 8 10 6
9_17: 4 10 12 14 16 2 6 18 8
9_18: 4 12 14 16 18 2 10 8 6
9_19: 4 8 10 14 2 18 16 6 12
9_20: 4 10 14 16 2 18 8 6 12
9_21: 4 10 14 16 12 2 18 8 6
9_22: 4 8 10 14 2 16 18 6 12
9_23: 4 10 12 16 2 8 18 6 14
9_24: 4 8 14 2 16 18 6 12 10
9_25: 4 8 12 2 16 6 18 10 14
9_26: 4 10 12 14 16 2 18 8 6
9_27: 4 10 12 14 2 18 16 6 8
9_28: 4 8 12 2 16 14 6 18 10
9_29: 6 10 14 18 4 16 8 2 12
9_30: 4 8 10 14 2 16 6 18 12
9_31: 4 10 12 14 2 18 16 8 6
9_32: 4 8 12 14 2 16 18 10 6
9_33: 4 8 14 12 2 16 18 10 6
9_34: 6 8 10 16 14 18 4 2 12
9_35: 8 12 16 14 18 4 2 6 10
9_36: 4 8 14 10 2 16 18 6 12
9_37: 4 10 14 12 16 2 6 18 8
9_38: 6 10 14 18 4 16 2 8 12
9_39: 6 10 14 18 16 2 8 4 12
9_40: 6 16 14 12 4 2 18 10 8
9_41: 6 10 14 12 16 2 18 4 8
9_42: 4 8 10 -14 2 -16 -18 -6 -12
9_43: 4 8 10 14 2 -16 6 -18 -12
9_44: 4 8 10 -14 2 -16 -6 -18 -12
9_45: 4 8 10 -14 2 16 -6 18 12
9_46: 4 10 -14 -12 -16 2 -6 -18 -8
9_47: 6 8 10 16 14 -18 4 2 -12
9_48: 4 10 -14 -12 16 2 -6 18 8
9_49: 6 -10 -14 12 -16 -2 18 -4 -8
10_1: 4 12 20 18 16 14 2 10 8 6
10_2: 4 12 14 16 18 20 2 6 8 10
10_3: 6 14 12 20 18 16 4 2 10 8
10_4: 6 12 14 20 18 16 4 2 10 8
10_5: 4 12 14 16 18 2 20 6 8 10
10_6: 4 12 16 18 20 14 2 10 6 8
10_7: 4 12 14 18 16 20 2 10 8 6
10_8: 6 14 12 16 18 20 4 2 8 10
10_9: 6 12 14 16 18 20 4 2 8 10
10_10: 4 12 14 18 16 2 20 10 8 6
10_11: 6 14 12 18 20 16 4 2 10 8
10_12: 4 10 14 16 2 20 18 6 8 12
10_13: 4 10 18 16 12 2 20 8 6 14
10_14: 4 10 12 16 18 2 20 6 8 14
10_15: 4 12 16 18 14 2 10 20 6 8
10_16: 6 14 12 16 18 20 4 2 10 8
10_17: 6 12 14 16 18 2 4 20 8 10
10_18: 4 12 14 18 16 2 10 20 8 6
10_19: 6 12 14 16 18 2 4 20 10 8
10_20: 4 12 18 20 16 14 2 10 8 6
10_21: 4 12 14 16 18 20 2 6 10 8
10_22: 6 12 14 18 20 16 4 2 10 8
10_23: 4 12 14 16 18 2 20 6 10 8
10_24: 4 12 16 18 20 14 2 10 8 6
10_25: 4 12 14 16 18 20 2 10 8 6
10_26: 6 12 14 16 18 20 4 2 10 8
10_27: 4 12 14 16 18 2 20 10 8 6
10_28: 4 10 14 16 2 20 18 8 6 12
10_29: 4 10 16 18 12 2 20 8 6 14
10_30: 4 10 12 16 18 2 20 8 6 14
10_31: 4 12 16 18 14 2 10 20 8 6
10_32: 4 12 14 16 18 2 10 20 8 6
10_33: 6 12 14 16 18 4 2 20 10 8
10_34: 4 8 14 2 20 18 16 6 12 10
10_35: 4 8 16 10 2 20 18 6 14 12
10_36: 4 8 10 16 2 20 18 6 14 12
10_37: 4 10 16 12 2 8 20 18 6 14
10_38: 4 10 12 16 2 8 20 18 6 14
10_39: 4 10 12 14 18 2 6 20 8 16
10_40: 4 10 12 16 2 20 6 18 8 14
10_41: 4 10 12 16 20 2 8 18 6 14
10_42: 4 10 12 16 2 20 8 18 6 14
10_43: 4 10 16 14 2 20 8 18 6 12
10_44: 4 10 12 16 14 2 20 18 8 6
10_45: 4 10 12 14 16 2 20 18 8 6
10_46: 6 8 14 2 16 18 20 4 10 12
10_47: 4 8 14 2 16 18 20 6 10 12
10_48: 6 8 14 2 16 18 4 20 10 12
10_49: 4 8 14 2 16 18 6 20 10 12
10_50: 6 8 14 2 16 18 20 4 12 10
10_51: 4 8 14 2 16 18 20 6 12 10
10_52: 6 8 14 2 16 18 4 20 12 10
10_53: 4 8 14 2 16 18 6 20 12 10
10_54: 4 10 16 12 2 8 18 20 6 14
10_55: 4 8 12 2 16 6 20 18 10 14
10_56: 4 10 12 16 2 8 18 20 6 14
10_57: 4 8 12 2 14 18 6 20 10 16
10_58: 4 8 14 10 2 18 6 20 12 16
10_59: 4 8 10 14 2 18 6 20 12 16
10_60: 4 8 10 14 2 16 18 6 20 12
10_61: 8 10 16 14 2 18 20 6 4 12
10_62: 4 10 14 16 2 18 20 6 8 12
10_63: 4 10 16 14 2 18 8 6 20 12
10_64: 8 10 14 16 2 18 20 6 4 12
10_65: 4 10 14 16 2 18 20 8 6 12
10_66: 4 10 14 16 2 18 8 6 20 12
10_67: 4 10 14 12 18 2 6 20 8 16
10_68: 4 12 16 14 18 2 20 6 10 8
10_69: 4 10 14 12 18 2 16 6 20 8
10_70: 4 8 16 10 2 18 20 6 14 12
10_71: 4 8 12 2 18 14 6 20 10 16
10_72: 4 8 10 16 2 18 20 6 14 12
10_73: 4 8 10 14 2 18 16 6 20 12
10_74: 4 12 14 16 20 18 2 8 6 10
10_75: 4 10 12 14 18 2 16 6 20 8
10_76: 4 12 18 20 14 16 2 10 8 6
10_77: 4 8 14 2 18 20 16 6 12 10
10_78: 4 8 14 2 18 16 6 12 20 10
10_79: 6 8 12 2 16 4 18 20 10 14
10_80: 4 8 12 2 16 6 18 20 10 14
10_81: 4 8 12 2 16 6 18 10 20 14
10_82: 6 8 14 16 4 18 20 2 10 12
10_83: 6 8 16 14 4 18 20 2 12 10
10_84: 4 10 16 14 2 8 18 20 12 6
10_85: 6 8 16 14 4 18 20 2 10 12
10_86: 6 8 14 16 4 18 20 2 12 10
10_87: 4 10 14 16 2 8 18 20 12 6
10_88: 4 8 12 14 2 16 20 18 10 6
10_89: 4 8 14 12 2 16 20 18 10 6
10_90: 6 10 14 2 16 20 18 8 4 12
10_91: 6 10 20 14 16 18 4 8 2 12
10_92: 4 10 14 18 2 16 8 20 12 6
10_93: 6 10 16 20 14 4 18 2 12 8
10_94: 6 10 14 2 16 18 20 8 4 12
10_95: 4 10 14 18 2 16 20 8 12 6
10_96: 4 8 18 12 2 16 20 6 10 14
10_97: 4 8 12 18 2 16 20 6 10 14
10_98: 6 10 14 18 2 16 20 4 8 12
10_99: 6 10 18 14 2 16 20 8 4 12
10_100: 6 10 18 14 16 4 20 8 2 12
10_101: 4 10 14 18 2 16 6 20 8 12
10_102: 6 10 14 18 16 4 20 2 8 12
10_103: 6 10 18 16 14 4 20 8 2 12
10_104: 6 16 12 14 18 4 20 2 8 10
10_105: 4 12 16 20 18 2 8 6 10 14
10_106: 6 10 14 16 18 4 20 2 8 12
10_107: 4 12 16 14 18 2 8 20 10 6
10_108: 6 16 12 14 18 4 20 2 10 8
10_109: 6 10 14 16 2 18 4 20 8 12
10_110: 6 10 16 20 14 2 18 4 8 12
10_111: 6 10 16 14 2 18 8 20 4 12
10_112: 6 8 10 14 16 18 20 2 4 12
10_113: 4 10 14 12 2 16 18 20 8 6
10_114: 6 8 10 14 16 20 18 2 4 12
10_115: 6 10 14 16 4 18 2 20 12 8
10_116: 6 16 18 14 2 4 20 8 10 12
10_117: 6 10 16 14 18 4 20 2 12 8
10_118: 6 8 18 14 16 4 20 2 10 12
10_119: 6 8 14 18 16 4 20 10 2 12
10_120: 6 10 18 12 4 16 20 8 2 14
10_121: 6 10 12 20 18 16 8 2 4 14
10_122: 6 10 12 14 18 16 20 2 4 8
10_123: 8 10 12 14 16 18 20 2 4 6
10_124: 4 8 -14 2 -16 -18 -20 -6 -10 -12
10_125: 4 8 14 2 -16 -18 6 -20 -10 -12
10_126: 4 8 -14 2 -16 -18 -6 -20 -10 -12
10_127: 4 8 -14 2 16 18 -6 20 10 12
10_128: 4 8 -14 2 -16 -18 -20 -6 -12 -10
10_129: 4 8 14 2 -16 -18 6 -20 -12 -10
10_130: 4 8 -14 2 -16 -18 -6 -20 -12 -10
10_131: 4 8 -14 2 16 18 -6 20 12 10
10_132: 4 8 -12 2 -16 -6 -20 -18 -10 -14
10_133: 4 8 12 2 -14 -18 6 -20 -10 -16
10_134: 4 8 -12 2 -14 -18 -6 -20 -10 -16
10_135: 4 8 -12 2 14 18 -6 20 10 16
10_136: 4 8 10 -14 2 -18 -6 -20 -12 -16
10_137: 4 8 10 -14 2 -16 -18 -6 -20 -12
10_138: 4 8 10 -14 2 16 18 -6 20 12
10_139: 4 10 -14 -16 2 -18 -20 -6 -8 -12
10_140: 4 10 -14 -16 2 18 20 -8 -6 12
10_141: 4 10 -14 -16 2 18 -8 -6 20 12
10_142: 4 10 -14 -16 2 -18 -20 -8 -6 -12
10_143: 4 10 -14 -16 2 -18 -8 -6 -20 -12
10_144: 4 10 14 16 2 -18 -20 8 6 -12
10_145: 4 8 -12 -18 2 -16 -20 -6 -10 -14
10_146: 4 8 -18 -12 2 -16 -20 -6 -10 -14
10_147: 4 10 -14 12 2 16 18 -20 8 -6
10_148: 4 8 -12 2 -16 -6 -18 -20 -10 -14
10_149: 4 8 -12 2 16 -6 18 20 10 14
10_150: 4 8 -12 2 -16 -6 -18 -10 -20 -14
10_151: 4 8 -12 2 16 -6 18 10 20 14
10_152: 6 8 12 2 -16 4 -18 -20 -10 -14
10_153: 4 8 12 2 -16 6 -18 -20 -10 -14
10_154: 4 8 12 2 -16 6 -18 -10 -20 -14
10_155: 6 10 14 16 18 4 -20 2 8 -12
10_156: 4 12 16 -14 18 2 -8 20 10 6
10_157: 6 -10 -18 14 -2 -16 20 8 -4 12
10_158: 6 -10 -16 14 -2 -18 8 20 -4 -12
10_159: 6 8 10 14 16 -18 -20 2 4 -12
10_160: 4 12 -16 -14 -18 2 -8 -20 -10 -6
10_161: 4 12 -16 14 -18 2 8 -20 -10 -6
10_162: 6 10 14 18 16 4 -20 2 8 -12
10_163: 6 8 10 14 16 -20 -18 2 4 -12
10_164: 6 -10 -12 14 -18 -16 20 -2 -4 -8
10_165: 6 8 14 18 16 4 -20 10 2 -12
K11a1: 4 8 10 14 2 16 20 6 22 12 18
K11a2: 4 8 10 14 2 18 6 20 12 22 16
K11a3: 4 8 10 14 2 18 6 20 22 12 16
K11a4: 4 8 10 14 2 18 6 22 20 12 16
K11a5: 4 8 10 14 2 20 16 6 22 12 18
K11a6: 4 8 10 16 2 18 20 6 14 22 12
K11a7: 4 8 10 16 2 18 20 6 22 12 14
K11a8: 4 8 10 16 2 18 20 6 22 14 12
K11a9: 4 8 10 16 2 18 20 22 6 12 14
K11a10: 4 8 10 16 2 18 20 22 6 14 12
K11a11: 4 8 10 16 2 20 18 6 14 22 12
K11a12: 4 8 10 16 2 20 22 18 6 14 12
K11a13: 4 8 10 16 2 22 20 18 6 14 12
K11a14: 4 8 12 2 14 18 6 20 10 22 16
K11a15: 4 8 12 2 14 18 6 20 22 10 16
K11a16: 4 8 12 2 14 18 6 22 20 10 16
K11a17: 4 8 12 2 16 6 20 10 22 14 18
K11a18: 4 8 12 2 16 6 20 18 10 22 14
K11a19: 4 8 12 2 16 18 6 20 22 14 10
K11a20: 4 8 12 2 18 6 20 22 10 16 14
K11a21: 4 8 12 2 18 6 22 20 10 16 14
K11a22: 4 8 12 2 18 14 6 20 22 10 16
K11a23: 4 8 12 2 18 14 6 22 20 10 16
K11a24: 4 8 12 2 18 16 6 20 22 14 10
K11a25: 4 8 12 2 18 20 6 10 22 14 16
K11a26: 4 8 12 2 20 18 6 10 22 14 16
K11a27: 4 8 12 14 2 18 22 20 10 16 6
K11a28: 4 8 12 16 2 18 20 22 10 6 14
K11a29: 4 8 12 16 2 18 22 20 10 6 14
K11a30: 4 8 12 18 2 16 20 6 10 22 14
K11a31: 4 8 14 2 16 18 6 22 20 10 12
K11a32: 4 8 14 2 16 18 6 22 20 12 10
K11a33: 4 8 14 2 16 18 20 6 10 22 12
K11a34: 4 8 14 2 16 18 20 6 22 12 10
K11a35: 4 8 14 2 16 18 22 6 20 12 10
K11a36: 4 8 14 2 16 20 6 12 22 10 18
K11a37: 4 8 14 2 16 20 18 6 22 12 10
K11a38: 4 8 14 2 18 16 20 6 10 22 12
K11a39: 4 8 14 2 18 20 6 22 12 10 16
K11a40: 4 8 14 2 18 20 16 6 22 10 12
K11a41: 4 8 14 2 18 20 16 6 22 12 10
K11a42: 4 8 14 2 20 16 6 12 22 10 18
K11a43: 4 8 14 2 20 16 6 18 12 22 10
K11a44: 4 8 14 2 20 16 18 6 12 22 10
K11a45: 4 8 14 2 20 18 6 22 12 10 16
K11a46: 4 8 14 2 20 18 16 6 12 22 10
K11a47: 4 8 14 2 20 22 18 6 12 16 10
K11a48: 4 8 14 10 2 16 20 6 22 12 18
K11a49: 4 8 14 10 2 18 6 20 22 12 16
K11a50: 4 8 14 10 2 18 6 22 20 12 16
K11a51: 4 8 14 10 2 20 16 6 22 12 18
K11a52: 4 8 14 12 2 18 22 20 10 16 6
K11a53: 4 8 14 16 2 18 20 22 10 12 6
K11a54: 4 8 14 16 2 18 20 22 12 10 6
K11a55: 4 8 16 2 18 20 22 6 14 10 12
K11a56: 4 8 16 2 18 20 22 6 14 12 10
K11a57: 4 8 16 2 20 22 18 6 12 14 10
K11a58: 4 8 16 2 20 22 18 6 14 12 10
K11a59: 4 8 16 2 22 20 18 6 14 12 10
K11a60: 4 8 16 10 2 18 20 6 22 12 14
K11a61: 4 8 16 10 2 18 20 6 22 14 12
K11a62: 4 8 16 10 2 18 20 22 6 12 14
K11a63: 4 8 16 10 2 18 20 22 6 14 12
K11a64: 4 8 16 10 2 20 22 18 6 14 12
K11a65: 4 8 16 10 2 22 20 18 6 14 12
K11a66: 4 8 16 12 2 18 20 22 10 6 14
K11a67: 4 8 16 12 2 18 22 20 10 6 14
K11a68: 4 8 16 14 2 18 20 22 10 12 6
K11a69: 4 8 16 14 2 18 20 22 12 10 6
K11a70: 4 8 18 12 2 16 20 6 10 22 14
K11a71: 4 10 12 14 2 22 18 20 6 8 16
K11a72: 4 10 12 14 2 22 18 20 8 6 16
K11a73: 4 10 12 14 16 2 18 20 22 6 8
K11a74: 4 10 12 14 18 2 6 20 22 8 16
K11a75: 4 10 12 14 18 2 6 22 20 8 16
K11a76: 4 10 12 14 18 2 20 8 22 6 16
K11a77: 4 10 12 14 18 2 22 20 8 16 6
K11a78: 4 10 12 14 20 2 16 6 22 8 18
K11a79: 4 10 12 14 20 2 18 8 22 6 16
K11a80: 4 10 12 14 22 2 18 20 6 8 16
K11a81: 4 10 12 14 22 2 18 20 8 6 16
K11a82: 4 10 12 16 2 22 18 20 6 14 8
K11a83: 4 10 12 16 2 22 18 20 8 14 6
K11a84: 4 10 12 16 2 22 20 18 6 14 8
K11a85: 4 10 12 16 2 22 20 18 8 14 6
K11a86: 4 10 12 16 18 2 20 6 8 22 14
K11a87: 4 10 12 16 18 2 20 8 6 22 14
K11a88: 4 10 12 16 18 2 20 22 8 6 14
K11a89: 4 10 12 16 18 2 22 6 20 8 14
K11a90: 4 10 12 16 18 2 22 20 8 6 14
K11a91: 4 10 12 16 20 2 22 18 8 6 14
K11a92: 4 10 12 16 22 2 18 20 8 14 6
K11a93: 4 10 12 16 22 2 20 18 8 14 6
K11a94: 4 10 12 18 2 8 20 22 6 16 14
K11a95: 4 10 12 18 2 8 22 20 6 16 14
K11a96: 4 10 12 18 14 2 22 8 20 6 16
K11a97: 4 10 12 18 16 2 20 22 8 6 14
K11a98: 4 10 12 18 16 2 22 20 8 6 14
K11a99: 4 10 12 20 16 2 18 8 22 6 14
K11a100: 4 10 12 20 16 2 22 8 14 6 18
K11a101: 4 10 14 12 2 20 18 22 6 8 16
K11a102: 4 10 14 12 18 2 6 20 22 8 16
K11a103: 4 10 14 12 18 2 6 22 20 8 16
K11a104: 4 10 14 12 20 2 16 6 22 8 18
K11a105: 4 10 14 16 2 20 8 6 22 12 18
K11a106: 4 10 14 16 2 20 18 6 8 22 12
K11a107: 4 10 14 16 2 20 18 8 6 22 12
K11a108: 4 10 14 16 2 20 22 18 6 8 12
K11a109: 4 10 14 16 2 20 22 18 8 6 12
K11a110: 4 10 14 16 2 22 20 18 6 8 12
K11a111: 4 10 14 16 2 22 20 18 8 6 12
K11a112: 4 10 14 16 18 2 20 6 22 12 8
K11a113: 4 10 14 16 18 2 20 22 8 12 6
K11a114: 4 10 14 18 2 16 6 22 20 8 12
K11a115: 4 10 14 18 2 20 6 22 12 8 16
K11a116: 4 10 14 18 2 20 8 22 6 12 16
K11a117: 4 10 14 18 2 22 8 20 6 16 12
K11a118: 4 10 14 18 12 2 8 20 22 6 16
K11a119: 4 10 14 18 12 2 8 22 20 6 16
K11a120: 4 10 14 18 12 2 22 6 20 8 16
K11a121: 4 10 14 18 12 2 22 8 20 6 16
K11a122: 4 10 14 18 16 2 20 22 8 12 6
K11a123: 4 10 14 20 2 8 18 22 6 12 16
K11a124: 4 10 14 20 2 16 8 22 12 6 18
K11a125: 4 10 14 20 2 16 18 8 22 6 12
K11a126: 4 10 14 20 2 16 22 8 12 6 18
K11a127: 4 10 14 20 2 22 18 8 12 6 16
K11a128: 4 10 14 20 16 2 6 12 22 8 18
K11a129: 4 10 14 20 16 2 18 22 12 6 8
K11a130: 4 10 14 20 16 2 18 22 12 8 6
K11a131: 4 10 14 22 18 2 20 6 8 12 16
K11a132: 4 10 16 12 18 2 20 6 22 8 14
K11a133: 4 10 16 14 2 20 8 6 22 12 18
K11a134: 4 10 16 14 2 20 8 18 6 22 12
K11a135: 4 10 16 14 12 2 18 20 22 8 6
K11a136: 4 10 16 14 18 2 8 20 22 12 6
K11a137: 4 10 16 14 18 2 20 6 22 12 8
K11a138: 4 10 16 14 18 2 20 22 12 8 6
K11a139: 4 10 16 18 2 20 22 8 6 14 12
K11a140: 4 10 16 18 2 22 20 8 6 14 12
K11a141: 4 10 16 18 12 2 8 20 22 14 6
K11a142: 4 10 16 18 12 2 20 22 6 8 14
K11a143: 4 10 16 18 12 2 20 22 8 6 14
K11a144: 4 10 16 18 12 2 22 20 6 8 14
K11a145: 4 10 16 18 12 2 22 20 8 6 14
K11a146: 4 10 16 18 14 2 20 22 6 12 8
K11a147: 4 10 16 20 2 22 18 8 12 6 14
K11a148: 4 10 16 20 12 2 18 6 22 8 14
K11a149: 4 10 16 20 12 2 18 8 22 14 6
K11a150: 4 10 16 20 12 2 18 22 8 14 6
K11a151: 4 10 16 20 14 2 18 22 12 6 8
K11a152: 4 10 16 20 14 2 18 22 12 8 6
K11a153: 4 10 18 12 2 8 20 22 6 16 14
K11a154: 4 10 18 12 2 8 22 20 6 16 14
K11a155: 4 10 18 12 2 16 20 8 22 14 6
K11a156: 4 10 18 12 14 2 8 20 22 6 16
K11a157: 4 10 18 12 16 2 20 8 22 6 14
K11a158: 4 10 18 14 2 16 20 8 22 6 12
K11a159: 4 10 18 14 2 22 8 20 6 16 12
K11a160: 4 10 18 14 2 22 20 8 12 6 16
K11a161: 4 10 18 14 12 2 8 20 22 6 16
K11a162: 4 10 18 14 16 2 6 20 22 12 8
K11a163: 4 10 18 14 16 2 20 8 22 12 6
K11a164: 4 10 18 14 16 2 20 22 12 6 8
K11a165: 4 10 18 16 2 20 22 8 6 14 12
K11a166: 4 10 18 16 2 22 20 8 6 14 12
K11a167: 4 10 18 16 12 2 8 20 22 14 6
K11a168: 4 10 18 16 14 2 20 8 22 12 6
K11a169: 4 10 18 16 14 2 20 22 6 12 8
K11a170: 4 10 18 20 2 16 6 8 22 14 12
K11a171: 4 10 18 20 2 22 6 8 12 14 16
K11a172: 4 10 18 22 14 2 20 8 6 12 16
K11a173: 4 10 20 14 2 8 18 22 6 12 16
K11a174: 4 12 14 16 18 2 22 6 20 8 10
K11a175: 4 12 14 16 18 2 22 6 20 10 8
K11a176: 4 12 14 16 18 2 22 20 8 6 10
K11a177: 4 12 14 16 18 2 22 20 8 10 6
K11a178: 4 12 14 16 18 2 22 20 10 8 6
K11a179: 4 12 14 16 18 20 2 6 8 22 10
K11a180: 4 12 14 16 18 20 2 6 22 10 8
K11a181: 4 12 14 16 18 20 2 8 6 22 10
K11a182: 4 12 14 16 18 20 2 22 8 10 6
K11a183: 4 12 14 16 18 20 2 22 10 8 6
K11a184: 4 12 14 16 18 22 2 20 8 10 6
K11a185: 4 12 14 16 18 22 2 20 10 8 6
K11a186: 4 12 14 16 20 2 10 6 22 8 18
K11a187: 4 12 14 16 20 2 22 8 6 10 18
K11a188: 4 12 14 16 20 18 2 6 22 10 8
K11a189: 4 12 14 16 22 18 2 20 10 6 8
K11a190: 4 12 14 18 16 2 22 20 8 6 10
K11a191: 4 12 14 18 20 2 10 22 6 8 16
K11a192: 4 12 14 18 20 2 10 22 8 6 16
K11a193: 4 12 14 18 20 16 2 22 10 8 6
K11a194: 4 12 14 20 16 18 2 22 10 6 8
K11a195: 4 12 14 20 18 16 2 22 10 8 6
K11a196: 4 12 14 20 22 18 2 8 10 6 16
K11a197: 4 12 16 14 18 2 8 22 20 10 6
K11a198: 4 12 16 14 18 2 22 6 20 10 8
K11a199: 4 12 16 14 18 20 2 6 22 10 8
K11a200: 4 12 16 14 20 2 10 6 22 8 18
K11a201: 4 12 16 14 20 18 2 6 22 10 8
K11a202: 4 12 16 18 14 20 2 8 6 22 10
K11a203: 4 12 16 18 20 2 22 10 6 8 14
K11a204: 4 12 16 18 20 2 22 10 8 6 14
K11a205: 4 12 16 18 20 14 2 10 22 8 6
K11a206: 4 12 16 18 20 14 2 22 6 8 10
K11a207: 4 12 16 18 20 14 2 22 6 10 8
K11a208: 4 12 16 18 20 14 2 22 10 8 6
K11a209: 4 12 16 20 14 18 2 8 22 10 6
K11a210: 4 12 16 20 18 14 2 10 22 8 6
K11a211: 4 12 16 20 18 14 2 22 10 8 6
K11a212: 4 12 16 22 18 2 8 6 20 10 14
K11a213: 4 12 16 22 18 2 20 10 6 14 8
K11a214: 4 12 16 22 20 18 2 6 14 10 8
K11a215: 4 12 18 14 16 2 22 20 10 6 8
K11a216: 4 12 18 14 20 2 22 8 10 6 16
K11a217: 4 12 18 14 20 16 2 8 22 6 10
K11a218: 4 12 18 16 20 14 2 8 22 10 6
K11a219: 4 12 18 16 20 14 2 22 6 10 8
K11a220: 4 12 18 20 14 2 10 22 8 6 16
K11a221: 4 12 18 20 14 16 2 10 22 6 8
K11a222: 4 12 18 20 14 16 2 10 22 8 6
K11a223: 4 12 18 20 16 2 22 8 10 6 14
K11a224: 4 12 18 20 16 2 22 10 8 6 14
K11a225: 4 12 18 20 16 14 2 10 22 6 8
K11a226: 4 12 18 20 16 14 2 10 22 8 6
K11a227: 4 12 18 22 16 2 8 20 10 6 14
K11a228: 4 12 18 22 20 14 2 8 6 10 16
K11a229: 4 12 20 18 14 2 10 22 8 6 16
K11a230: 4 12 20 18 16 2 22 10 8 6 14
K11a231: 4 14 10 12 18 6 2 20 22 8 16
K11a232: 4 14 10 16 22 18 2 20 6 12 8
K11a233: 4 14 10 20 22 18 2 8 6 12 16
K11a234: 4 14 16 18 20 22 2 12 6 8 10
K11a235: 4 14 16 18 20 22 2 12 6 10 8
K11a236: 4 14 16 18 20 22 2 12 10 8 6
K11a237: 4 14 16 18 22 20 2 12 8 6 10
K11a238: 4 14 16 20 18 22 2 12 10 8 6
K11a239: 4 14 18 20 22 6 2 8 10 12 16
K11a240: 4 14 18 20 22 16 2 10 12 6 8
K11a241: 4 14 18 20 22 16 2 10 12 8 6
K11a242: 4 14 18 20 22 16 2 12 10 6 8
K11a243: 4 14 18 20 22 16 2 12 10 8 6
K11a244: 4 14 18 22 16 20 2 8 12 6 10
K11a245: 4 14 20 22 16 18 2 12 10 8 6
K11a246: 4 14 20 22 18 16 2 12 10 8 6
K11a247: 4 14 22 20 18 16 2 12 10 8 6
K11a248: 6 8 10 18 16 20 22 4 2 14 12
K11a249: 6 8 10 18 16 22 20 4 2 14 12
K11a250: 6 8 12 2 14 18 4 20 22 10 16
K11a251: 6 8 12 2 16 18 4 20 22 14 10
K11a252: 6 8 12 2 18 16 4 20 22 14 10
K11a253: 6 8 12 2 18 20 4 10 22 14 16
K11a254: 6 8 12 2 20 18 4 10 22 14 16
K11a255: 6 8 12 20 16 18 22 4 10 2 14
K11a256: 6 8 12 20 18 16 22 4 10 2 14
K11a257: 6 8 14 2 16 18 20 4 22 12 10
K11a258: 6 8 14 2 16 20 18 4 22 12 10
K11a259: 6 8 14 2 18 20 4 22 12 10 16
K11a260: 6 8 14 2 20 18 4 22 12 10 16
K11a261: 6 8 14 16 4 18 20 2 22 12 10
K11a262: 6 8 14 16 4 20 18 2 22 12 10
K11a263: 6 8 16 2 20 22 18 4 12 14 10
K11a264: 6 8 16 14 4 18 20 2 22 12 10
K11a265: 6 8 16 14 4 20 18 2 22 12 10
K11a266: 6 10 12 14 16 18 22 20 4 2 8
K11a267: 6 10 12 14 20 18 22 8 4 2 16
K11a268: 6 10 12 18 20 16 22 4 2 8 14
K11a269: 6 10 12 20 16 18 22 8 4 2 14
K11a270: 6 10 12 20 18 16 22 4 2 8 14
K11a271: 6 10 12 22 16 18 8 20 4 2 14
K11a272: 6 10 12 22 18 16 20 4 2 14 8
K11a273: 6 10 14 16 20 4 18 2 22 12 8
K11a274: 6 10 14 18 2 20 22 4 12 8 16
K11a275: 6 10 14 20 2 18 4 22 12 8 16
K11a276: 6 10 14 20 4 18 2 22 8 12 16
K11a277: 6 10 16 12 4 18 20 22 2 8 14
K11a278: 6 10 16 12 4 18 22 20 2 8 14
K11a279: 6 10 16 12 18 2 20 22 4 8 14
K11a280: 6 10 16 12 18 2 22 20 4 8 14
K11a281: 6 10 16 12 20 2 18 4 22 8 14
K11a282: 6 10 16 14 4 18 20 22 2 12 8
K11a283: 6 10 16 14 18 2 20 22 4 12 8
K11a284: 6 10 16 14 20 4 18 2 22 8 12
K11a285: 6 10 16 14 20 18 2 22 12 4 8
K11a286: 6 10 16 18 14 2 20 4 22 12 8
K11a287: 6 10 16 18 20 2 8 4 22 12 14
K11a288: 6 10 16 18 20 4 8 2 22 14 12
K11a289: 6 10 16 20 4 18 8 22 2 12 14
K11a290: 6 10 16 20 18 2 8 22 4 12 14
K11a291: 6 10 16 22 4 18 20 2 8 12 14
K11a292: 6 10 16 22 4 18 20 2 8 14 12
K11a293: 6 10 16 22 4 18 20 8 2 12 14
K11a294: 6 10 16 22 4 18 20 8 2 14 12
K11a295: 6 10 16 22 18 2 20 8 4 12 14
K11a296: 6 10 16 22 18 2 20 8 4 14 12
K11a297: 6 10 16 22 20 18 2 8 12 4 14
K11a298: 6 10 18 2 16 20 22 4 8 14 12
K11a299: 6 10 18 2 16 22 20 4 8 14 12
K11a300: 6 10 18 14 2 20 22 8 12 4 16
K11a301: 6 10 18 14 16 4 22 20 12 2 8
K11a302: 6 10 18 14 20 4 22 8 12 2 16
K11a303: 6 10 18 22 16 4 8 20 12 2 14
K11a304: 6 10 20 14 2 18 8 22 12 4 16
K11a305: 6 12 10 22 16 18 20 8 4 2 14
K11a306: 6 12 14 16 18 20 4 2 22 10 8
K11a307: 6 12 14 16 20 18 4 2 22 10 8
K11a308: 6 12 14 18 20 2 4 22 10 8 16
K11a309: 6 12 14 18 20 4 2 22 10 8 16
K11a310: 6 12 14 20 18 2 4 22 10 8 16
K11a311: 6 12 14 20 18 4 2 22 10 8 16
K11a312: 6 12 16 14 18 20 2 22 4 10 8
K11a313: 6 12 16 14 20 18 2 22 4 10 8
K11a314: 6 12 16 18 14 4 20 22 2 8 10
K11a315: 6 12 16 18 22 4 20 10 2 8 14
K11a316: 6 12 16 20 22 4 18 10 2 14 8
K11a317: 6 12 16 20 22 18 2 10 4 14 8
K11a318: 6 12 16 22 18 2 20 4 8 14 10
K11a319: 6 12 16 22 18 4 20 2 8 10 14
K11a320: 6 12 16 22 18 4 20 2 10 8 14
K11a321: 6 12 16 22 18 20 2 8 4 10 14
K11a322: 6 12 16 22 20 4 18 8 2 10 14
K11a323: 6 12 16 22 20 4 18 10 2 14 8
K11a324: 6 12 16 22 20 18 2 8 4 10 14
K11a325: 6 12 16 22 20 18 2 10 4 14 8
K11a326: 6 12 18 14 22 4 20 8 10 2 16
K11a327: 6 12 18 16 14 4 20 22 2 10 8
K11a328: 6 12 18 16 22 4 20 8 2 10 14
K11a329: 6 12 18 22 14 4 20 8 2 10 16
K11a330: 6 12 18 22 16 4 20 8 10 2 14
K11a331: 6 12 18 22 16 4 20 10 8 2 14
K11a332: 6 14 10 18 2 22 20 4 12 8 16
K11a333: 6 14 12 16 20 18 4 2 22 10 8
K11a334: 6 14 16 18 20 22 2 4 12 8 10
K11a335: 6 14 16 18 20 22 2 4 12 10 8
K11a336: 6 14 16 18 20 22 4 2 12 8 10
K11a337: 6 14 16 18 20 22 4 2 12 10 8
K11a338: 6 14 16 20 22 18 2 4 10 12 8
K11a339: 6 14 16 20 22 18 2 4 12 10 8
K11a340: 6 14 16 20 22 18 4 2 10 12 8
K11a341: 6 14 16 20 22 18 4 2 12 10 8
K11a342: 6 14 16 22 20 18 2 4 12 10 8
K11a343: 6 14 16 22 20 18 4 2 12 10 8
K11a344: 6 14 18 16 20 22 4 8 2 12 10
K11a345: 6 14 18 16 22 20 4 8 2 12 10
K11a346: 6 16 12 18 20 4 22 10 2 8 14
K11a347: 6 16 12 20 18 4 22 10 2 8 14
K11a348: 6 18 16 12 4 2 20 22 10 8 14
K11a349: 6 18 16 12 4 2 22 20 10 8 14
K11a350: 6 18 16 14 4 2 20 22 10 12 8
K11a351: 6 18 16 14 20 4 2 22 12 8 10
K11a352: 6 18 16 14 20 4 2 22 12 10 8
K11a353: 8 12 16 18 22 4 20 2 6 10 14
K11a354: 8 12 16 20 2 18 22 6 4 10 14
K11a355: 8 14 16 18 20 22 2 4 6 12 10
K11a356: 8 14 16 18 20 22 2 6 4 12 10
K11a357: 8 14 16 18 20 22 6 4 2 12 10
K11a358: 8 14 16 18 22 20 2 4 6 12 10
K11a359: 8 14 16 18 22 20 2 6 4 12 10
K11a360: 8 14 16 18 22 20 6 4 2 12 10
K11a361: 8 14 18 16 20 22 4 2 6 12 10
K11a362: 8 14 18 16 22 20 4 2 6 12 10
K11a363: 8 16 14 18 22 20 6 4 2 12 10
K11a364: 10 14 16 18 20 22 2 4 6 8 12
K11a365: 10 14 16 18 20 22 2 4 8 6 12
K11a366: 10 14 16 18 20 22 4 2 8 6 12
K11a367: 12 14 16 18 20 22 2 4 6 8 10
K11n1: 4 8 10 14 2 -16 -20 6 -22 -12 -18
K11n2: 4 8 10 -14 2 16 20 -6 22 12 18
K11n3: 4 8 10 -14 2 -16 -20 -6 -22 -12 -18
K11n4: 4 8 10 14 2 18 6 -20 12 -22 -16
K11n5: 4 8 10 14 2 -18 6 20 -12 22 16
K11n6: 4 8 10 14 2 -18 6 -20 -12 -22 -16
K11n7: 4 8 10 -14 2 18 -6 20 12 22 16
K11n8: 4 8 10 -14 2 -18 -6 -20 -12 -22 -16
K11n9: 4 8 10 14 2 -18 6 -20 -22 -12 -16
K11n10: 4 8 10 -14 2 18 -6 20 22 12 16
K11n11: 4 8 10 -14 2 -18 -6 -20 -22 -12 -16
K11n12: 4 8 10 -14 2 -18 -6 -22 -20 -12 -16
K11n13: 4 8 10 16 2 -18 -20 6 -22 -12 -14
K11n14: 4 8 10 -16 2 18 20 -6 22 12 14
K11n15: 4 8 10 -16 2 -18 -20 -6 -22 -12 -14
K11n16: 4 8 10 16 2 -18 -20 6 -22 -14 -12
K11n17: 4 8 10 -16 2 18 20 -6 22 14 12
K11n18: 4 8 10 -16 2 -18 -20 -6 -22 -14 -12
K11n19: 4 8 10 -16 2 -18 -20 -22 -6 -12 -14
K11n20: 4 8 10 -16 2 -18 -20 -22 -6 -14 -12
K11n21: 4 8 12 2 -14 -18 6 -20 -10 -22 -16
K11n22: 4 8 -12 2 14 18 -6 20 10 22 16
K11n23: 4 8 -12 2 -14 -18 -6 -20 -10 -22 -16
K11n24: 4 8 12 2 14 -18 6 -20 -22 -10 -16
K11n25: 4 8 12 2 -14 -18 6 -20 -22 -10 -16
K11n26: 4 8 -12 2 14 18 -6 20 22 10 16
K11n27: 4 8 -12 2 -14 -18 -6 -20 -22 -10 -16
K11n28: 4 8 12 2 -14 -18 6 -22 -20 -10 -16
K11n29: 4 8 -12 2 14 18 -6 22 20 10 16
K11n30: 4 8 -12 2 -14 -18 -6 -22 -20 -10 -16
K11n31: 4 8 12 2 -16 6 -20 -10 -22 -14 -18
K11n32: 4 8 -12 2 16 -6 20 10 22 14 18
K11n33: 4 8 -12 2 -16 -6 -20 -10 -22 -14 -18
K11n34: 4 8 12 2 -16 -18 6 -20 -22 -14 -10
K11n35: 4 8 -12 2 16 18 -6 20 22 14 10
K11n36: 4 8 -12 2 -16 -18 -6 -20 -22 -14 -10
K11n37: 4 8 -12 2 -18 -6 -20 -22 -10 -16 -14
K11n38: 4 8 -12 2 -18 -6 -22 -20 -10 -16 -14
K11n39: 4 8 12 2 -18 -16 6 -20 -22 -14 -10
K11n40: 4 8 -12 2 18 16 -6 20 22 14 10
K11n41: 4 8 -12 2 -18 -16 -6 -20 -22 -14 -10
K11n42: 4 8 12 2 -18 -20 6 -10 -22 -14 -16
K11n43: 4 8 -12 2 18 20 -6 10 22 14 16
K11n44: 4 8 -12 2 -18 -20 -6 -10 -22 -14 -16
K11n45: 4 8 12 2 -20 -18 6 -10 -22 -14 -16
K11n46: 4 8 -12 2 20 18 -6 10 22 14 16
K11n47: 4 8 -12 2 -20 -18 -6 -10 -22 -14 -16
K11n48: 4 8 -12 -16 2 -18 -20 -22 -10 -6 -14
K11n49: 4 8 -12 -16 2 -18 -22 -20 -10 -6 -14
K11n50: 4 8 -12 -18 2 -16 -20 -6 -10 -22 -14
K11n51: 4 8 14 2 -16 -18 6 -22 -20 -10 -12
K11n52: 4 8 -14 2 16 18 -6 22 20 10 12
K11n53: 4 8 -14 2 -16 -18 -6 -22 -20 -10 -12
K11n54: 4 8 14 2 -16 -18 6 -22 -20 -12 -10
K11n55: 4 8 -14 2 16 18 -6 22 20 12 10
K11n56: 4 8 -14 2 -16 -18 -6 -22 -20 -12 -10
K11n57: 4 8 -14 2 -16 -18 -20 -6 -10 -22 -12
K11n58: 4 8 14 2 -16 -18 -20 6 -22 -12 -10
K11n59: 4 8 -14 2 16 18 20 -6 22 12 10
K11n60: 4 8 -14 2 -16 -18 -20 -6 -22 -12 -10
K11n61: 4 8 -14 2 -16 -18 -22 -6 -20 -12 -10
K11n62: 4 8 14 2 -16 -20 -18 6 -22 -12 -10
K11n63: 4 8 -14 2 16 20 18 -6 22 12 10
K11n64: 4 8 -14 2 -16 -20 -18 -6 -22 -12 -10
K11n65: 4 8 14 2 18 16 -20 6 10 -22 -12
K11n66: 4 8 14 2 -18 -16 20 6 -10 22 12
K11n67: 4 8 14 2 -18 -16 -20 6 -10 -22 -12
K11n68: 4 8 -14 2 18 16 20 -6 10 22 12
K11n69: 4 8 -14 2 -18 -16 -20 -6 -10 -22 -12
K11n70: 4 8 -14 2 -18 -20 -6 -22 -12 -10 -16
K11n71: 4 8 14 2 -20 16 6 18 12 -22 -10
K11n72: 4 8 -14 2 20 16 -6 18 12 22 10
K11n73: 4 8 -14 2 20 -16 -6 -18 -12 22 10
K11n74: 4 8 -14 2 -20 16 -6 18 12 -22 -10
K11n75: 4 8 -14 2 -20 -16 -6 -18 -12 -22 -10
K11n76: 4 8 14 2 -20 16 18 6 12 -22 -10
K11n77: 4 8 -14 2 20 -16 -18 -6 -12 22 10
K11n78: 4 8 -14 2 -20 -16 -18 -6 -12 -22 -10
K11n79: 4 8 -14 2 -20 -18 -6 -22 -12 -10 -16
K11n80: 4 8 14 10 2 -18 6 -20 -22 -12 -16
K11n81: 4 8 -16 2 -20 -22 -18 -6 -12 -14 -10
K11n82: 4 8 -16 -12 2 -18 -20 -22 -10 -6 -14
K11n83: 4 8 -16 -12 2 -18 -22 -20 -10 -6 -14
K11n84: 4 8 -18 -12 2 -16 -20 -6 -10 -22 -14
K11n85: 4 10 12 -14 16 2 -18 20 22 -6 8
K11n86: 4 10 12 -14 -16 2 -18 -20 -22 -6 -8
K11n87: 4 10 12 14 18 2 20 8 -22 6 -16
K11n88: 4 10 12 16 18 2 -20 6 8 -22 -14
K11n89: 4 10 12 -16 -18 2 20 -6 -8 22 14
K11n90: 4 10 12 16 18 2 -20 8 6 -22 -14
K11n91: 4 10 12 -16 -18 2 20 -8 -6 22 14
K11n92: 4 10 12 -20 -16 2 -18 -8 -22 -6 -14
K11n93: 4 10 14 -12 2 -20 18 22 6 -8 16
K11n94: 4 10 14 12 2 20 18 -22 6 8 -16
K11n95: 4 10 14 -12 2 -20 18 -22 6 -8 -16
K11n96: 4 10 -14 -12 2 -20 -18 -22 -6 -8 -16
K11n97: 4 10 14 12 -18 2 6 -20 -22 -8 -16
K11n98: 4 10 -14 -12 18 2 -6 20 22 8 16
K11n99: 4 10 -14 -12 -18 2 -6 -20 -22 -8 -16
K11n100: 4 10 14 12 -18 2 6 -22 -20 -8 -16
K11n101: 4 10 -14 -12 18 2 -6 22 20 8 16
K11n102: 4 10 -14 -12 -18 2 -6 -22 -20 -8 -16
K11n103: 4 10 14 12 -20 2 16 6 -22 -8 -18
K11n104: 4 10 -14 -16 2 -20 -22 -18 -6 -8 -12
K11n105: 4 10 14 16 2 -20 -22 18 8 6 -12
K11n106: 4 10 -14 -16 2 20 22 -18 -8 -6 12
K11n107: 4 10 -14 -16 2 -20 -22 -18 -8 -6 -12
K11n108: 4 10 -14 -16 18 2 20 -6 22 12 8
K11n109: 4 10 -14 16 18 2 20 -22 8 12 -6
K11n110: 4 10 14 -16 -18 2 20 22 -8 12 6
K11n111: 4 10 -14 -16 -18 2 -20 -22 -8 -12 -6
K11n112: 4 10 14 18 2 20 8 -22 6 12 -16
K11n113: 4 10 -14 18 16 2 20 -22 8 12 -6
K11n114: 4 10 14 18 16 2 -20 22 8 -12 6
K11n115: 4 10 14 -18 -16 2 20 22 -8 12 6
K11n116: 4 10 -14 -18 -16 2 20 -22 -8 12 -6
K11n117: 4 10 -14 -18 -16 2 -20 -22 -8 -12 -6
K11n118: 4 10 -14 20 2 -16 -18 -8 -22 6 -12
K11n119: 4 10 14 -20 2 16 18 8 22 -6 12
K11n120: 4 10 -14 -20 2 -16 -18 -8 -22 -6 -12
K11n121: 4 10 -16 -12 18 2 -20 -6 22 8 -14
K11n122: 4 10 -16 -12 -18 2 -20 -6 -22 -8 -14
K11n123: 4 10 -16 -14 12 2 -18 -20 -22 -8 -6
K11n124: 4 10 16 -14 -18 2 -8 20 22 -12 6
K11n125: 4 10 -16 -18 14 2 20 22 -6 12 8
K11n126: 4 10 -18 -12 2 -16 -20 -8 -22 -14 -6
K11n127: 4 10 18 -12 -16 2 -20 -8 22 6 -14
K11n128: 4 10 -18 -14 -16 2 -6 -20 -22 -12 -8
K11n129: 4 10 -18 -14 -16 2 -20 -8 -22 -12 -6
K11n130: 4 10 -18 -14 -16 2 -20 -22 -12 -6 -8
K11n131: 4 10 18 -16 -14 2 20 -8 22 12 6
K11n132: 4 10 -18 -16 -14 2 -20 -8 -22 -12 -6
K11n133: 4 10 -18 -20 2 -16 -6 -8 -22 -14 -12
K11n134: 4 10 -18 -22 -14 2 -20 -8 -6 -12 -16
K11n135: 4 12 14 -16 22 -18 2 -20 -10 -6 8
K11n136: 4 12 -16 14 18 2 8 -22 20 10 -6
K11n137: 4 12 -16 -14 18 20 2 -6 22 10 8
K11n138: 4 12 -16 -14 -18 -20 2 -6 -22 -10 -8
K11n139: 4 12 16 14 -20 -18 2 6 -22 -10 -8
K11n140: 4 12 -16 -14 20 18 2 -6 22 10 8
K11n141: 4 12 -16 -14 -20 -18 2 -6 -22 -10 -8
K11n142: 4 12 -16 -20 -14 -18 2 -8 -22 -10 -6
K11n143: 4 12 -16 22 -18 2 -20 -10 -6 -14 8
K11n144: 4 12 18 -14 16 2 22 -20 10 6 -8
K11n145: 4 14 -10 -20 -22 18 2 -8 -6 12 -16
K11n146: 4 14 10 20 22 -18 2 8 6 -12 16
K11n147: 4 14 -10 -20 -22 -18 2 -8 -6 -12 -16
K11n148: 4 14 -18 -20 -22 -6 2 -8 -10 -12 -16
K11n149: 6 8 10 18 16 -20 -22 4 2 -14 -12
K11n150: 6 8 10 18 16 -22 -20 4 2 -14 -12
K11n151: 6 8 12 2 -16 -18 4 -20 -22 -14 -10
K11n152: 6 8 12 2 -18 -20 4 -10 -22 -14 -16
K11n153: 6 8 12 20 16 18 -22 4 10 2 -14
K11n154: 6 8 12 20 -16 -18 22 4 -10 2 14
K11n155: 6 8 12 20 18 16 -22 4 10 2 -14
K11n156: 6 -10 12 14 16 -18 22 20 -4 2 8
K11n157: 6 -10 -12 14 -16 -18 22 20 -4 -2 8
K11n158: 6 10 12 18 20 16 -22 4 2 8 -14
K11n159: 6 10 12 -18 -20 16 22 4 2 -8 14
K11n160: 6 -10 12 20 16 -18 22 8 -4 2 14
K11n161: 6 10 12 20 18 16 -22 4 2 8 -14
K11n162: 6 -10 12 22 16 -18 8 20 -4 2 14
K11n163: 6 -10 -12 22 -16 -18 8 20 -4 -2 14
K11n164: 6 -10 14 16 -20 -4 -18 2 22 -12 -8
K11n165: 6 -10 14 16 20 -4 18 2 22 12 8
K11n166: 6 10 -14 18 2 20 22 -4 12 8 16
K11n167: 6 10 14 20 2 -18 4 22 -12 8 16
K11n168: 6 10 14 20 4 -18 2 22 8 -12 16
K11n169: 6 -10 -16 12 -18 -2 20 22 -4 -8 14
K11n170: 6 10 16 12 18 2 -22 -20 4 8 -14
K11n171: 6 -10 -16 12 -18 -2 22 20 -4 -8 14
K11n172: 6 10 -16 12 20 2 18 -4 22 8 14
K11n173: 6 -10 16 12 20 -2 18 4 22 8 14
K11n174: 6 -10 16 14 20 -4 18 2 22 8 12
K11n175: 6 -10 -16 14 -20 -18 -2 22 -12 -4 -8
K11n176: 6 10 -16 18 20 2 8 -4 22 12 14
K11n177: 6 -10 16 18 20 -2 8 4 22 12 14
K11n178: 6 -10 16 18 20 -4 8 2 22 14 12
K11n179: 6 -10 -20 14 -2 -18 8 22 -12 -4 16
K11n180: 6 -12 -16 14 -18 -20 -2 22 -4 -10 -8
K11n181: 6 -12 -16 14 -20 -18 -2 22 -4 -10 -8
K11n182: 6 -12 16 18 14 -4 20 22 2 8 10
K11n183: 6 -14 10 -18 2 22 20 -4 12 -8 16
K11n184: 6 -14 10 18 2 22 20 -4 12 8 16
K11n185: 6 18 16 14 -20 4 2 22 12 -8 -10
