30002
30004
30007
30009
30011
30012
30015
30017
30018
30026
30027
30028
30029
30034
30035
30038
30042
30043
30045
30047
30050
30053
30054
30060
30061
30062
30063
30065
30068
30069
30070
30071
30074
30075
30076
30079
30081
30083
30084
30089
30090
30097
30098
30099
30101
30106
30107
30110
30115
30117
30119
30123
30126
30129
30133
30134
30135
30137
30140
30142
30143
30146
30148
30151
30155
30156
30161
30162
30169
30170
30171
30172
30173
30175
30177
30178
30179
30182
30187
30189
30191
30197
30198
30205
30206
30207
30209
30212
30214
30215
30218
30220
30223
30227
30228
30231
30233
30234
30241
30242
30243
30244
30245
30246
30251
30254
30259
30261
30263
30269
30270
30275
30277
30278
30279
30281
30284
30285
30286
30287
30290
30292
30295
30297
30299
30305
30306
30313
30314
30315
30316
30317
30322
30323
30325
30326
30331
30333
30335
30339
30341
30342
30345
30349
30351
30353
30356
30358
30359
30362
30364
30366
30367
30369
30372
30377
30378
30385
30386
30387
30388
30389
30393
30394
30395
30398
30403
30405
30407
30413
30414
30421
30422
30423
30428
30430
30431
30434
30436
30439
30441
30443
30444
30447
30449
30457
30458
30459
30460
30461
30466
30467
30470
30474
30477
30479
30485
30486
30493
30494
30495
30497