Parametrized counts for a=1..12:
1 0
2 1
3 3
4 5
5 9
6 8
7 24
8 9
9 11
10 23
11 36
12 21
total 150
Brute-force cross-check for a=1..7:
1 0 0 OK
2 1 1 OK
3 3 3 OK
4 5 5 OK
5 9 9 OK
6 8 8 OK
7 24 24 OK
First solutions by a:
1 []
2 [(884, 13, 17, 4)]
3 [(17176, 19, 113, 152), (18632, 17, 137, 4), (18904, 17, 139, 8)]
4 [(63248, 59, 67, 16), (85936, 41, 131, 8), (106928, 41, 163, 328), (116624, 37, 197, 4), (117808, 37, 199, 16)]
5 [(526688, 109, 151, 16), (599072, 97, 193, 388), (801376, 79, 317, 32), (879136, 83, 331, 1328), (1090912, 73, 467, 8), (1292768, 71, 569, 16), (1297312, 71, 571, 32), (1610848, 71, 709, 1136), (3445408, 67, 1607, 2144)]
6 [(4495808, 199, 353, 16), (5056192, 199, 397, 3184), (13192768, 139, 1483, 16), (13228352, 139, 1487, 64), (14829632, 139, 1667, 2224), (15370304, 137, 1753, 4), (15422912, 137, 1759, 64), (52710208, 131, 6287, 8384)]
