enumerated 3072 profiles, 1106 distinct rounded values in (2.0,2.8)
lambda_B = 2.3569834130780736
values in [lambda_B-0.12, lambda_B): n=164
  2.237358  profile=(1, 2, 0, 3, 1, 2)
  2.239214  profile=(1, 2, 1, 1, 1, 1)
  2.239586  profile=(1, 2, 0, 3, 2, 0)
  2.240001  profile=(1, 1, 3, 2, 0, 1)
  2.241605  profile=(1, 2, 0, 2, 3, 3)
  2.242109  profile=(1, 1, 2, 3, 2, 3)
  2.242551  profile=(2, 0, 0, 1, 3, 2)
  2.243633  profile=(1, 2, 1, 0, 3, 2)
  2.243961  profile=(1, 1, 3, 1, 2, 2)
  2.244088  profile=(1, 1, 2, 3, 3, 1)
  2.246046  profile=(1, 1, 3, 1, 3, 0)
  2.246538  profile=(1, 2, 0, 3, 1, 3)
  2.248676  profile=(1, 1, 3, 2, 0, 2)
  2.248775  profile=(1, 2, 0, 3, 2, 1)
  2.248862  profile=(1, 2, 1, 1, 1, 2)
  2.249482  profile=(2, 0, 0, 2, 1, 2)
  2.249656  profile=(2, 0, 1, 0, 0, 3)
  2.250808  profile=(1, 1, 3, 2, 1, 0)
  2.251231  profile=(1, 2, 1, 1, 2, 0)
  2.252116  profile=(1, 1, 2, 3, 3, 2)
  2.252336  profile=(1, 1, 3, 1, 2, 3)
  2.252639  profile=(2, 0, 0, 2, 2, 0)
  2.252906  profile=(1, 2, 1, 0, 3, 3)
  2.253033  profile=(2, 0, 1, 0, 1, 1)
  2.254426  profile=(1, 1, 3, 1, 3, 1)
  2.254777  profile=(2, 0, 0, 1, 3, 3)
  2.256663  profile=(1, 2, 1, 2, 0, 0)
  2.257080  profile=(1, 1, 3, 2, 0, 3)
  2.257659  profile=(1, 2, 0, 3, 2, 2)
  2.258168  profile=(1, 2, 1, 1, 1, 3)
  2.259217  profile=(1, 1, 3, 2, 1, 1)
  2.259921  profile=(1, 1, 2, 3, 3, 3)
  2.260540  profile=(1, 2, 1, 1, 2, 1)
  2.261758  profile=(2, 0, 0, 2, 1, 3)
  2.262558  profile=(1, 1, 3, 1, 3, 2)
  2.264916  profile=(2, 0, 0, 2, 2, 1)
  2.265995  profile=(1, 2, 1, 2, 0, 1)
  2.266118  profile=(2, 0, 1, 0, 1, 2)
  2.266262  profile=(1, 2, 0, 3, 2, 3)
  2.267373  profile=(1, 1, 3, 2, 1, 2)
  2.268527  profile=(1, 2, 0, 3, 3, 1)
  2.269531  profile=(1, 1, 3, 2, 2, 0)
  2.270457  profile=(1, 1, 3, 1, 3, 3)
  2.271924  profile=(1, 2, 1, 1, 3, 0)
  2.272230  profile=(2, 0, 0, 3, 0, 1)
  2.274503  profile=(1, 1, 3, 3, 0, 0)
  2.275006  profile=(1, 2, 1, 2, 0, 2)
  2.275294  profile=(1, 1, 3, 2, 1, 3)
  2.276640  profile=(2, 0, 0, 2, 2, 2)
  2.276870  profile=(1, 2, 0, 3, 3, 2)
  2.277452  profile=(1, 1, 3, 2, 2, 1)
  2.278230  profile=(1, 2, 1, 1, 2, 3)
  2.278555  profile=(2, 0, 1, 0, 1, 3)
  2.278952  profile=(1, 2, 2, 0, 0, 1)
  2.279829  profile=(2, 0, 0, 2, 3, 0)
  2.280621  profile=(1, 2, 1, 1, 3, 1)
  2.281955  profile=(2, 0, 1, 0, 2, 1)
  2.282441  profile=(1, 1, 3, 3, 0, 1)
  2.283720  profile=(1, 2, 1, 2, 0, 3)
  2.283974  profile=(2, 0, 0, 3, 0, 2)
  2.284969  profile=(1, 2, 0, 3, 3, 3)
  2.285153  profile=(1, 1, 3, 2, 2, 2)
  2.286162  profile=(1, 2, 1, 2, 1, 1)
  2.287252  profile=(2, 0, 0, 3, 1, 0)
  2.287327  profile=(1, 1, 3, 2, 3, 0)
  2.287866  profile=(2, 0, 0, 2, 2, 3)
  2.288040  profile=(1, 2, 2, 0, 0, 2)
  2.289046  profile=(1, 2, 1, 1, 3, 2)
  2.289878  profile=(2, 0, 1, 1, 0, 1)
  2.290155  profile=(1, 1, 3, 3, 0, 2)
  2.290622  profile=(1, 2, 2, 0, 1, 0)
  2.291046  profile=(2, 0, 0, 2, 3, 1)
  2.292370  profile=(1, 1, 3, 3, 1, 0)
  2.292647  profile=(1, 1, 3, 2, 2, 3)
  2.293800  profile=(2, 0, 1, 0, 2, 2)
  2.294597  profile=(1, 2, 1, 2, 1, 2)
  2.294819  profile=(1, 1, 3, 2, 3, 1)
  2.295213  profile=(2, 0, 0, 3, 0, 3)
  2.296821  profile=(1, 2, 2, 0, 0, 3)
  2.297052  profile=(1, 2, 1, 2, 2, 0)
  2.297218  profile=(1, 2, 1, 1, 3, 3)
  2.297660  profile=(1, 1, 3, 3, 0, 3)
  2.298477  profile=(2, 0, 0, 3, 1, 1)
  2.299395  profile=(1, 2, 2, 0, 1, 1)
  2.299872  profile=(1, 1, 3, 3, 1, 1)
  2.301717  profile=(2, 0, 1, 1, 0, 2)
  2.301810  profile=(2, 0, 0, 2, 3, 2)
  2.302116  profile=(1, 1, 3, 2, 3, 2)
  2.302776  profile=(1, 2, 1, 2, 1, 3)
  2.305126  profile=(2, 0, 1, 0, 2, 3)
  2.305224  profile=(1, 2, 1, 2, 2, 1)
  2.307176  profile=(1, 1, 3, 3, 1, 2)
  2.307883  profile=(1, 2, 2, 0, 1, 2)
  2.308524  profile=(2, 0, 1, 0, 3, 1)
  2.309230  profile=(1, 1, 3, 2, 3, 3)
  2.309242  profile=(2, 0, 0, 3, 1, 2)
  2.309398  profile=(1, 1, 3, 3, 2, 0)
  2.310465  profile=(1, 2, 2, 0, 2, 0)
  2.310948  profile=(1, 2, 1, 3, 0, 1)
  2.312162  profile=(2, 0, 0, 2, 3, 3)
  2.312449  profile=(1, 3, 0, 0, 0, 1)
  2.312520  profile=(2, 0, 0, 3, 2, 0)
  2.313032  profile=(2, 0, 1, 1, 0, 3)
  2.313157  profile=(1, 2, 1, 2, 2, 2)
  2.314296  profile=(1, 1, 3, 3, 1, 3)
  2.315614  profile=(1, 2, 1, 2, 3, 0)
  2.316110  profile=(1, 2, 2, 0, 1, 3)
  2.316512  profile=(1, 1, 3, 3, 2, 1)
  2.318679  profile=(1, 2, 2, 0, 2, 1)
  2.318880  profile=(1, 2, 1, 3, 0, 2)
  2.319360  profile=(2, 0, 1, 0, 3, 2)
  2.319591  profile=(2, 0, 0, 3, 1, 3)
  2.320868  profile=(1, 2, 1, 2, 2, 3)
  2.321381  profile=(1, 2, 1, 3, 1, 0)
  2.321765  profile=(1, 3, 0, 0, 0, 2)
  2.322849  profile=(2, 0, 0, 3, 2, 1)
  2.323316  profile=(1, 2, 1, 2, 3, 1)
  2.323452  profile=(1, 1, 3, 3, 2, 2)
  2.324718  profile=(1, 2, 2, 1, 0, 1)
  2.325676  profile=(1, 1, 3, 3, 3, 0)
  2.326587  profile=(1, 2, 1, 3, 0, 3)
  2.326650  profile=(1, 2, 2, 0, 2, 2)
  2.327328  profile=(2, 0, 1, 1, 1, 2)
  2.329077  profile=(1, 2, 1, 3, 1, 1)
  2.329224  profile=(1, 2, 2, 0, 3, 0)
  2.329771  profile=(2, 0, 1, 0, 3, 3)
  2.330227  profile=(1, 1, 3, 3, 2, 3)
  2.330753  profile=(1, 3, 0, 0, 0, 3)
  2.330809  profile=(1, 2, 1, 2, 3, 2)
  2.332445  profile=(1, 1, 3, 3, 3, 1)
  2.332678  profile=(1, 2, 2, 1, 0, 2)
  2.332798  profile=(2, 0, 0, 3, 2, 2)
  2.333684  profile=(1, 3, 0, 0, 1, 1)
  2.334393  profile=(1, 2, 2, 0, 2, 3)
  2.335295  profile=(1, 2, 2, 1, 1, 0)
  2.336061  profile=(2, 0, 0, 3, 3, 0)
  2.336564  profile=(1, 2, 1, 3, 1, 2)
  2.336954  profile=(1, 2, 2, 0, 3, 1)
  2.337715  profile=(2, 0, 1, 1, 1, 3)
  2.338107  profile=(1, 2, 1, 2, 3, 3)
  2.339057  profile=(1, 1, 3, 3, 3, 2)
  2.340409  profile=(1, 2, 2, 1, 0, 3)
  2.341167  profile=(2, 0, 1, 1, 2, 1)
  2.342349  profile=(1, 3, 0, 0, 1, 2)
  2.342397  profile=(2, 0, 0, 3, 2, 3)
  2.343011  profile=(1, 2, 2, 1, 1, 1)
  2.343854  profile=(1, 2, 1, 3, 1, 3)
  2.344471  profile=(1, 2, 2, 0, 3, 2)
  2.345275  profile=(1, 3, 0, 0, 2, 0)
  2.345522  profile=(1, 1, 3, 3, 3, 3)
  2.345638  profile=(2, 0, 0, 3, 3, 1)
  2.346335  profile=(1, 2, 1, 3, 2, 1)
  2.349376  profile=(2, 0, 1, 2, 0, 1)
  2.350514  profile=(1, 2, 2, 1, 1, 2)
  2.350737  profile=(1, 3, 0, 0, 1, 3)
  2.351135  profile=(2, 0, 1, 1, 2, 2)
  2.351788  profile=(1, 2, 2, 0, 3, 3)
  2.352224  profile=(1, 3, 0, 1, 0, 0)
  2.353114  profile=(1, 2, 2, 1, 2, 0)
  2.353428  profile=(1, 2, 1, 3, 2, 2)
  2.353640  profile=(1, 3, 0, 0, 2, 1)
  2.354582  profile=(2, 0, 1, 1, 3, 0)
  2.354893  profile=(2, 0, 0, 3, 3, 2)
  2.355910  profile=(1, 2, 1, 3, 3, 0)
values in [lambda_B, lambda_B+0.12]: n=198
  2.357816  profile=(1, 2, 2, 1, 1, 3)
  2.359304  profile=(1, 2, 2, 2, 0, 0)
  2.360347  profile=(1, 2, 1, 3, 2, 3)
  2.360401  profile=(1, 2, 2, 1, 2, 1)
  2.360556  profile=(1, 3, 0, 1, 0, 1)
  2.360746  profile=(2, 0, 1, 1, 2, 3)
  2.361747  profile=(1, 3, 0, 0, 2, 2)
  2.362816  profile=(1, 2, 1, 3, 3, 1)
  2.363851  profile=(2, 0, 0, 3, 3, 3)
  2.364163  profile=(2, 0, 1, 1, 3, 1)
  2.364643  profile=(1, 3, 0, 0, 3, 0)
  2.366571  profile=(1, 2, 2, 2, 0, 1)
  2.367501  profile=(1, 2, 2, 1, 2, 2)
  2.368630  profile=(1, 3, 0, 1, 0, 2)
  2.368875  profile=(2, 0, 1, 2, 0, 3)
  2.369558  profile=(1, 2, 1, 3, 3, 2)
  2.369580  profile=(2, 0, 2, 0, 0, 1)
  2.369616  profile=(1, 3, 0, 0, 2, 3)
  2.370083  profile=(1, 2, 2, 1, 3, 0)
  2.371569  profile=(1, 3, 0, 1, 1, 0)
  2.372353  profile=(2, 0, 1, 2, 1, 1)
  2.372489  profile=(1, 3, 0, 0, 3, 1)
  2.373416  profile=(2, 0, 1, 1, 3, 2)
  2.373649  profile=(1, 2, 2, 2, 0, 2)
  2.374424  profile=(1, 2, 2, 1, 2, 3)
  2.376145  profile=(1, 2, 1, 3, 3, 3)
  2.376267  profile=(1, 2, 2, 2, 1, 0)
  2.376466  profile=(1, 3, 0, 1, 0, 3)
  2.376990  profile=(1, 2, 2, 1, 3, 1)
  2.379380  profile=(1, 3, 0, 1, 1, 1)
  2.379462  profile=(2, 0, 2, 0, 0, 2)
  2.380112  profile=(1, 3, 0, 0, 3, 2)
  2.380552  profile=(1, 2, 2, 2, 0, 3)
  2.381562  profile=(2, 0, 1, 2, 1, 2)
  2.381674  profile=(1, 2, 3, 0, 0, 1)
  2.382367  profile=(2, 0, 1, 1, 3, 3)
  2.383151  profile=(1, 2, 2, 2, 1, 1)
  2.383731  profile=(1, 2, 2, 1, 3, 2)
  2.385026  profile=(2, 0, 1, 2, 2, 0)
  2.386968  profile=(1, 3, 0, 1, 1, 2)
  2.387527  profile=(1, 3, 0, 0, 3, 3)
  2.388735  profile=(1, 2, 3, 0, 0, 2)
  2.388984  profile=(2, 0, 2, 0, 0, 3)
  2.389870  profile=(1, 2, 2, 2, 1, 2)
  2.390315  profile=(1, 2, 2, 1, 3, 3)
  2.390469  profile=(2, 0, 1, 2, 1, 3)
  2.391451  profile=(1, 2, 3, 0, 1, 0)
  2.392464  profile=(1, 2, 2, 2, 2, 0)
  2.392631  profile=(2, 0, 2, 0, 1, 1)
  2.393389  profile=(2, 0, 1, 3, 0, 0)
  2.393900  profile=(2, 0, 1, 2, 2, 1)
  2.394350  profile=(1, 3, 0, 1, 1, 3)
  2.395619  profile=(1, 2, 3, 0, 0, 3)
  2.396432  profile=(1, 2, 2, 2, 1, 3)
  2.396873  profile=(1, 3, 0, 2, 0, 0)
  2.397227  profile=(1, 3, 0, 1, 2, 1)
  2.398314  profile=(1, 2, 3, 0, 1, 1)
  2.398726  profile=(1, 2, 2, 3, 0, 0)
  2.399008  profile=(1, 2, 2, 2, 2, 1)
  2.401783  profile=(2, 0, 2, 0, 1, 2)
  2.402209  profile=(2, 0, 1, 3, 0, 1)
  2.402495  profile=(2, 0, 1, 2, 2, 2)
  2.404191  profile=(1, 3, 0, 2, 0, 1)
  2.404391  profile=(1, 3, 0, 1, 2, 2)
  2.405010  profile=(1, 2, 3, 0, 1, 2)
  2.405245  profile=(1, 2, 2, 3, 0, 1)
  2.405405  profile=(1, 2, 2, 2, 2, 2)
  2.405909  profile=(2, 0, 1, 2, 3, 0)
  2.407256  profile=(1, 3, 0, 1, 3, 0)
  2.407695  profile=(1, 2, 3, 0, 2, 0)
  2.407974  profile=(1, 2, 2, 2, 3, 0)
  2.410631  profile=(2, 0, 2, 0, 1, 3)
  2.410752  profile=(2, 0, 1, 3, 0, 2)
  2.410832  profile=(2, 0, 1, 2, 2, 3)
  2.411316  profile=(1, 3, 0, 2, 0, 2)
  2.411372  profile=(1, 3, 0, 1, 2, 3)
  2.411549  profile=(1, 2, 3, 0, 1, 3)
  2.411616  profile=(1, 2, 2, 3, 0, 2)
  2.411661  profile=(1, 2, 2, 2, 2, 3)
  2.414214  profile=(1, 2, 2, 2, 3, 1)
  2.417847  profile=(1, 2, 2, 3, 0, 3)
  2.418260  profile=(1, 3, 0, 2, 0, 3)
  2.419037  profile=(2, 0, 1, 3, 0, 3)
  2.420320  profile=(1, 2, 2, 2, 3, 2)
  2.420427  profile=(1, 2, 2, 3, 1, 1)
  2.420584  profile=(1, 2, 3, 0, 2, 2)
  2.420700  profile=(1, 2, 3, 1, 0, 1)
  2.421001  profile=(1, 3, 0, 1, 3, 2)
  2.421132  profile=(1, 3, 0, 2, 1, 1)
  2.421473  profile=(1, 3, 1, 0, 0, 1)
  2.422278  profile=(2, 0, 1, 2, 3, 2)
  2.422464  profile=(2, 0, 1, 3, 1, 1)
  2.422744  profile=(2, 0, 2, 0, 2, 2)
  2.422952  profile=(2, 0, 2, 1, 0, 1)
  2.423238  profile=(1, 2, 3, 0, 3, 0)
  2.424410  profile=(2, 1, 0, 0, 0, 1)
  2.426301  profile=(1, 2, 2, 2, 3, 3)
  2.426507  profile=(1, 2, 2, 3, 1, 2)
  2.426814  profile=(1, 2, 3, 0, 2, 3)
  2.427039  profile=(1, 2, 3, 1, 0, 2)
  2.427627  profile=(1, 3, 0, 1, 3, 3)
  2.427882  profile=(1, 3, 0, 2, 1, 2)
  2.428540  profile=(1, 3, 1, 0, 0, 2)
  2.429077  profile=(1, 2, 2, 3, 2, 0)
  2.429448  profile=(1, 2, 3, 0, 3, 1)
  2.429719  profile=(1, 2, 3, 1, 1, 0)
  2.430118  profile=(2, 0, 1, 2, 3, 3)
  2.430476  profile=(2, 0, 1, 3, 1, 2)
  2.430739  profile=(1, 3, 0, 2, 2, 0)
  2.431016  profile=(2, 0, 2, 0, 2, 3)
  2.431414  profile=(2, 0, 2, 1, 0, 2)
  2.431534  profile=(1, 3, 1, 0, 1, 0)
  2.432462  profile=(1, 2, 2, 3, 1, 3)
  2.433238  profile=(1, 2, 3, 1, 0, 3)
  2.433882  profile=(2, 0, 1, 3, 2, 0)
  2.434212  profile=(2, 1, 0, 0, 0, 2)
  2.434471  profile=(1, 3, 0, 2, 1, 3)
  2.434534  profile=(2, 0, 2, 0, 3, 1)
  2.435014  profile=(1, 2, 2, 3, 2, 1)
  2.435428  profile=(1, 3, 1, 0, 0, 3)
  2.435526  profile=(1, 2, 3, 0, 3, 2)
  2.435898  profile=(1, 2, 3, 1, 1, 1)
  2.437304  profile=(1, 3, 0, 2, 2, 1)
  2.437739  profile=(1, 3, 0, 3, 0, 0)
  2.438265  profile=(2, 0, 1, 3, 1, 3)
  2.438393  profile=(1, 3, 1, 0, 1, 1)
  2.439621  profile=(2, 0, 2, 1, 0, 3)
  2.440832  profile=(1, 2, 2, 3, 2, 2)
  2.441478  profile=(1, 2, 3, 0, 3, 3)
  2.441638  profile=(2, 0, 1, 3, 2, 1)
  2.441944  profile=(1, 2, 3, 1, 1, 2)
  2.442529  profile=(2, 0, 2, 0, 3, 2)
  2.443180  profile=(2, 0, 2, 1, 1, 1)
  2.443375  profile=(1, 2, 2, 3, 3, 0)
  2.443652  profile=(2, 1, 0, 0, 0, 3)
  2.443718  profile=(1, 3, 0, 2, 2, 2)
  2.444263  profile=(1, 3, 0, 3, 0, 1)
  2.444592  profile=(1, 2, 3, 1, 2, 0)
  2.445084  profile=(1, 3, 1, 0, 1, 2)
  2.446536  profile=(1, 2, 2, 3, 2, 3)
  2.447771  profile=(2, 1, 0, 0, 1, 1)
  2.447865  profile=(1, 2, 3, 1, 1, 3)
  2.448029  profile=(1, 3, 1, 0, 2, 0)
  2.449062  profile=(1, 2, 2, 3, 3, 1)
  2.449186  profile=(2, 0, 1, 3, 2, 2)
  2.449990  profile=(1, 3, 0, 2, 2, 3)
  2.450300  profile=(2, 0, 2, 0, 3, 3)
  2.450493  profile=(1, 2, 3, 1, 2, 1)
  2.450637  profile=(1, 3, 0, 3, 0, 2)
  2.451110  profile=(1, 2, 3, 2, 0, 0)
  2.451616  profile=(1, 3, 1, 0, 1, 3)
  2.452537  profile=(2, 0, 1, 3, 3, 0)
  2.452785  profile=(1, 3, 0, 2, 3, 1)
  2.453480  profile=(1, 3, 0, 3, 1, 0)
  2.454534  profile=(1, 3, 1, 0, 2, 1)
  2.454641  profile=(1, 2, 2, 3, 3, 2)
  2.455291  profile=(1, 3, 1, 1, 0, 0)
  2.456275  profile=(1, 2, 3, 1, 2, 2)
  2.456539  profile=(2, 0, 1, 3, 2, 3)
  2.456822  profile=(2, 1, 0, 0, 1, 2)
  2.456869  profile=(1, 3, 0, 3, 0, 3)
  2.456977  profile=(1, 2, 3, 2, 0, 1)
  2.458818  profile=(2, 0, 2, 1, 1, 3)
  2.458890  profile=(1, 2, 3, 1, 3, 0)
  2.458899  profile=(1, 3, 0, 2, 3, 2)
  2.459689  profile=(1, 3, 0, 3, 1, 1)
  2.459859  profile=(2, 0, 1, 3, 3, 1)
  2.460116  profile=(1, 2, 2, 3, 3, 3)
  2.460890  profile=(1, 3, 1, 0, 2, 2)
  2.461748  profile=(1, 3, 1, 1, 0, 1)
  2.461943  profile=(1, 2, 3, 1, 2, 3)
  2.462311  profile=(2, 0, 2, 1, 2, 1)
  2.462726  profile=(1, 2, 3, 2, 0, 2)
  2.463379  profile=(2, 0, 2, 2, 0, 0)
  2.463790  profile=(1, 3, 1, 0, 3, 0)
  2.464540  profile=(1, 2, 3, 1, 3, 1)
  2.464886  profile=(1, 3, 0, 2, 3, 3)
  2.465363  profile=(1, 2, 3, 2, 1, 0)
  2.465571  profile=(2, 1, 0, 0, 1, 3)
  2.465764  profile=(1, 3, 0, 3, 1, 2)
  2.466998  profile=(2, 0, 1, 3, 3, 2)
  2.467105  profile=(1, 3, 1, 0, 2, 3)
  2.468057  profile=(1, 3, 1, 1, 0, 2)
  2.468362  profile=(1, 2, 3, 2, 0, 3)
  2.468567  profile=(1, 3, 0, 3, 2, 0)
  2.469583  profile=(2, 1, 0, 0, 2, 1)
  2.469775  profile=(2, 0, 2, 1, 2, 2)
  2.469979  profile=(1, 3, 1, 0, 3, 1)
  2.470082  profile=(1, 2, 3, 1, 3, 2)
  2.470979  profile=(1, 2, 3, 2, 1, 1)
  2.471712  profile=(1, 3, 0, 3, 1, 3)
  2.473240  profile=(2, 0, 2, 1, 3, 0)
  2.473966  profile=(2, 0, 1, 3, 3, 3)
  2.474226  profile=(1, 3, 1, 1, 0, 3)
  2.474492  profile=(1, 3, 0, 3, 2, 1)
  2.475521  profile=(1, 2, 3, 1, 3, 3)
  2.476034  profile=(1, 3, 1, 0, 3, 2)
  2.476489  profile=(1, 2, 3, 2, 1, 2)
max consecutive gap below window: 0.003041
distance of closest below-value to lambda_B: 0.001073
NOTE: finite profiles yield isolated points by construction; absence/presence
of nearby points says nothing about infinite-language interval covering
nor about non-sum-closed classes. Recovery test: INCONCLUSIVE (expected).
